% 18-Apr-2022 09:18:12
% Time, s	 Pressure, mBar	 Temperature, degC
0.005 849.2455 12.1921
0.015 849.2478 12.1942
0.025 849.2501 12.1942
0.035 849.2607 12.1950
0.045 849.2629 12.1984
0.055 849.2629 12.2023
0.065 849.2629 12.2052
0.075 849.2577 12.2061
0.085 849.2577 12.2079
0.095 849.2469 12.2104
0.105 849.2577 12.2119
0.115 849.2627 12.2137
0.125 849.2709 12.2156
0.135 849.2709 12.2175
0.145 849.2709 12.2188
0.155 849.2709 12.2196
0.165 849.2709 12.2207
0.174 849.2698 12.2234
0.184 849.2627 12.2263
0.194 849.2698 12.2263
0.204 849.2627 12.2270
0.214 849.2627 12.2276
0.224 849.2604 12.2295
0.234 849.2710 12.2325
0.244 849.2710 12.2333
0.254 849.2710 12.2339
0.264 849.2742 12.2350
0.274 849.2742 12.2356
0.284 849.2673 12.2373
0.294 849.2673 12.2393
0.304 849.2596 12.2388
0.314 849.2596 12.2394
0.324 849.2616 12.2385
0.334 849.2844 12.2386
0.344 849.2844 12.2426
0.354 849.2844 12.2434
0.364 849.2909 12.2423
0.374 849.2909 12.2423
0.384 849.2778 12.2438
0.394 849.2619 12.2452
0.404 849.2619 12.2462
0.414 849.2619 12.2468
0.424 849.2572 12.2466
0.434 849.2619 12.2479
0.444 849.2683 12.2483
0.454 849.2698 12.2468
0.464 849.2744 12.2481
0.474 849.2744 12.2500
0.484 849.2744 12.2498
0.494 849.2906 12.2486
0.504 849.2906 12.2499
0.514 849.2556 12.2494
0.524 849.2556 12.2482
0.534 849.2556 12.2495
0.544 849.2556 12.2506
0.554 849.2747 12.2519
0.564 849.2867 12.2510
0.574 849.2959 12.2510
0.584 849.2928 12.2532
0.594 849.2867 12.2545
0.604 849.2867 12.2544
0.614 849.2916 12.2549
0.624 849.2863 12.2546
0.634 849.2863 12.2539
0.644 849.2863 12.2541
0.654 849.2851 12.2561
0.664 849.2851 12.2565
0.674 849.2851 12.2557
0.684 849.2851 12.2562
0.694 849.2880 12.2573
0.704 849.2880 12.2574
0.714 849.2833 12.2561
0.724 849.2942 12.2577
0.734 849.2809 12.2578
0.744 849.2788 12.2560
0.754 849.2809 12.2582
0.764 849.2732 12.2580
0.774 849.2732 12.2570
0.784 849.2843 12.2575
0.794 849.2843 12.2591
0.804 849.2843 12.2617
0.814 849.2843 12.2616
0.824 849.2840 12.2605
0.834 849.2840 12.2604
0.844 849.2743 12.2608
0.854 849.2743 12.2622
0.864 849.2726 12.2634
0.874 849.2855 12.2607
0.884 849.2804 12.2596
0.894 849.2804 12.2620
0.904 849.2726 12.2632
0.914 849.2686 12.2625
0.924 849.2686 12.2625
0.934 849.2666 12.2626
0.944 849.2606 12.2626
0.954 849.2606 12.2638
0.964 849.2597 12.2654
0.974 849.2526 12.2650
0.984 849.2447 12.2634
0.994 849.2526 12.2650
1.004 849.2526 12.2655
1.014 849.2564 12.2647
1.024 849.2839 12.2651
1.034 849.2839 12.2649
1.044 849.2844 12.2658
1.054 849.2844 12.2666
1.064 849.2774 12.2651
1.074 849.2741 12.2643
1.084 849.2774 12.2650
1.094 849.2774 12.2663
1.104 849.2829 12.2659
1.114 849.2835 12.2667
1.124 849.2835 12.2683
1.134 849.2829 12.2670
1.144 849.2835 12.2668
1.154 849.2835 12.2668
1.164 849.2779 12.2659
1.174 849.2805 12.2663
1.184 849.2805 12.2681
1.194 849.2805 12.2688
1.204 849.2805 12.2662
1.214 849.2805 12.2670
1.224 849.2760 12.2704
1.234 849.2819 12.2700
1.244 849.2760 12.2688
1.254 849.2686 12.2695
1.264 849.2686 12.2712
1.274 849.2819 12.2699
1.284 849.2707 12.2668
1.294 849.2867 12.2683
1.304 849.2867 12.2708
1.314 849.2719 12.2705
1.324 849.2719 12.2689
1.334 849.2968 12.2689
1.344 849.2719 12.2704
1.354 849.2719 12.2722
1.364 849.2597 12.2714
1.374 849.2597 12.2702
1.384 849.2597 12.2704
1.394 849.2703 12.2697
1.404 849.2840 12.2714
1.414 849.2893 12.2716
1.424 849.2840 12.2688
1.434 849.2840 12.2688
1.444 849.2840 12.2701
1.454 849.2893 12.2709
1.464 849.2844 12.2705
1.474 849.2870 12.2709
1.484 849.2870 12.2730
1.494 849.2844 12.2734
1.504 849.2844 12.2721
1.514 849.2685 12.2697
1.524 849.2685 12.2706
1.534 849.2685 12.2730
1.544 849.2845 12.2733
1.554 849.2685 12.2733
1.564 849.2938 12.2737
1.574 849.2585 12.2733
1.584 849.2579 12.2722
1.594 849.2579 12.2721
1.604 849.2670 12.2730
1.614 849.2670 12.2738
1.624 849.2737 12.2739
1.634 849.2737 12.2746
1.644 849.2699 12.2751
1.654 849.2734 12.2744
1.664 849.2734 12.2742
1.674 849.2699 12.2752
1.684 849.2646 12.2765
1.694 849.2734 12.2760
1.704 849.2673 12.2747
1.714 849.2673 12.2738
1.724 849.2773 12.2733
1.734 849.2788 12.2718
1.744 849.2788 12.2729
1.754 849.2788 12.2751
1.764 849.2788 12.2750
1.774 849.2752 12.2760
1.784 849.2752 12.2760
1.794 849.2858 12.2764
1.804 849.2895 12.2779
1.814 849.2895 12.2777
1.824 849.2895 12.2754
1.834 849.2855 12.2759
1.844 849.2713 12.2772
1.854 849.2707 12.2767
1.864 849.2706 12.2789
1.874 849.2706 12.2788
1.884 849.2706 12.2763
1.894 849.2706 12.2765
1.904 849.2710 12.2763
1.914 849.2789 12.2765
1.924 849.2789 12.2777
1.934 849.2681 12.2759
1.944 849.2757 12.2760
1.954 849.2724 12.2760
1.964 849.2724 12.2763
1.974 849.2757 12.2780
1.984 849.2757 12.2781
1.994 849.2833 12.2777
2.004 849.2833 12.2781
2.014 849.2709 12.2789
2.024 849.2692 12.2781
2.034 849.2692 12.2788
2.044 849.2692 12.2794
2.054 849.2715 12.2801
2.064 849.2753 12.2800
2.074 849.2753 12.2794
2.084 849.2806 12.2794
2.094 849.2806 12.2797
2.104 849.2806 12.2809
2.114 849.2709 12.2809
2.124 849.2659 12.2802
2.134 849.2647 12.2809
2.144 849.2659 12.2798
2.154 849.2659 12.2792
2.164 849.2659 12.2798
2.174 849.2603 12.2782
2.184 849.2614 12.2773
2.194 849.2614 12.2797
2.204 849.2605 12.2802
2.214 849.2605 12.2809
2.224 849.2605 12.2822
2.234 849.2605 12.2817
2.244 849.2605 12.2810
2.254 849.2699 12.2797
2.264 849.2699 12.2811
2.274 849.2767 12.2817
2.284 849.2699 12.2815
2.294 849.2699 12.2815
2.304 849.2626 12.2807
2.314 849.2767 12.2817
2.324 849.2770 12.2814
2.334 849.2809 12.2785
2.344 849.2809 12.2786
2.354 849.2809 12.2802
2.364 849.2779 12.2813
2.374 849.2779 12.2827
2.384 849.2779 12.2823
2.394 849.4216 12.2822
2.404 849.4216 12.2830
2.414 849.4216 12.2831
2.424 849.3612 12.2838
2.434 849.0360 12.2830
2.444 848.8835 12.2811
2.454 848.5414 12.2831
2.464 847.7834 12.2848
2.474 846.6868 12.2836
2.484 845.7286 12.2835
2.494 844.9206 12.2826
2.504 844.9206 12.2827
2.514 844.9206 12.2849
2.524 844.9448 12.2839
2.534 844.9687 12.2835
2.544 845.0416 12.2861
2.554 845.2004 12.2860
2.564 845.3104 12.2848
2.574 845.3104 12.2830
2.584 845.3104 12.2830
2.594 845.2533 12.2835
2.604 845.2249 12.2817
2.614 845.2115 12.2827
2.624 845.2115 12.2827
2.634 845.2533 12.2822
2.644 845.2789 12.2831
2.654 845.3586 12.2848
2.664 845.4541 12.2851
2.674 845.4582 12.2840
2.684 845.5136 12.2838
2.694 845.5136 12.2852
2.704 845.5136 12.2865
2.714 845.5115 12.2843
2.724 845.5115 12.2844
2.734 845.5095 12.2844
2.744 845.5115 12.2835
2.754 845.5065 12.2851
2.764 845.5183 12.2861
2.774 845.5241 12.2853
2.784 845.5279 12.2847
2.794 845.5510 12.2863
2.804 845.6295 12.2866
2.814 845.6920 12.2853
2.824 845.7357 12.2855
2.834 845.7357 12.2878
2.844 845.7357 12.2891
2.854 845.7232 12.2874
2.864 845.6867 12.2876
2.874 845.6867 12.2894
2.884 845.6867 12.2869
2.894 845.6867 12.2842
2.904 845.7000 12.2844
2.914 845.7183 12.2863
2.924 845.7364 12.2874
2.934 845.7479 12.2866
2.944 845.7798 12.2870
2.954 845.7965 12.2878
2.964 845.8026 12.2893
2.974 845.8138 12.2898
2.984 845.8156 12.2885
2.994 845.8191 12.2893
3.004 845.8484 12.2895
3.014 845.8484 12.2878
3.024 845.8484 12.2865
3.034 845.8484 12.2857
3.044 845.8446 12.2863
3.054 845.8446 12.2859
3.064 845.8558 12.2864
3.074 845.8772 12.2868
3.084 845.8878 12.2883
3.094 845.9087 12.2890
3.104 845.9337 12.2877
3.114 845.9346 12.2887
3.124 845.9394 12.2899
3.134 845.9761 12.2891
3.144 845.9897 12.2881
3.154 845.9897 12.2903
3.164 845.9897 12.2903
3.174 845.9911 12.2887
3.184 845.9981 12.2880
3.194 846.0433 12.2885
3.204 846.0433 12.2885
3.214 846.0436 12.2883
3.224 846.0454 12.2894
3.234 846.0568 12.2897
3.244 846.0613 12.2902
3.254 846.0621 12.2897
3.264 846.0650 12.2885
3.274 846.0900 12.2882
3.284 846.0900 12.2903
3.294 846.0925 12.2899
3.304 846.0945 12.2885
3.314 846.1231 12.2901
3.324 846.1360 12.2903
3.334 846.1431 12.2903
3.344 846.1431 12.2915
3.354 846.1431 12.2908
3.364 846.1215 12.2903
3.374 846.1215 12.2918
3.384 846.1215 12.2915
3.394 846.1215 12.2903
3.404 846.1154 12.2910
3.414 846.1307 12.2899
3.424 846.1154 12.2890
3.434 846.1154 12.2891
3.444 846.1260 12.2880
3.454 846.1260 12.2898
3.464 846.1244 12.2919
3.474 846.1244 12.2920
3.484 846.1074 12.2923
3.494 846.1074 12.2910
3.504 846.1074 12.2904
3.514 846.1074 12.2894
3.524 846.1251 12.2908
3.534 846.1404 12.2935
3.544 846.1404 12.2911
3.554 846.1448 12.2915
3.564 846.1404 12.2922
3.574 846.1389 12.2906
3.584 846.1330 12.2916
3.594 846.1353 12.2923
3.604 846.1173 12.2929
3.614 846.1173 12.2924
3.624 846.1237 12.2929
3.634 846.1353 12.2958
3.644 846.1357 12.2944
3.654 846.1594 12.2929
3.664 846.1636 12.2924
3.674 846.1807 12.2920
3.684 846.1822 12.2927
3.694 846.1927 12.2929
3.704 846.1927 12.2936
3.714 846.1878 12.2948
3.724 846.1927 12.2943
3.734 846.1878 12.2914
3.744 846.1823 12.2919
3.754 846.1823 12.2939
3.764 846.1791 12.2945
3.774 846.1791 12.2928
3.784 846.1818 12.2914
3.794 846.1818 12.2928
3.804 846.1818 12.2935
3.814 846.1869 12.2952
3.824 846.1869 12.2957
3.834 846.2015 12.2974
3.844 846.2147 12.2971
3.854 846.2147 12.2950
3.864 846.2147 12.2948
3.874 846.1992 12.2941
3.884 846.1992 12.2952
3.894 846.1992 12.2949
3.904 846.2194 12.2952
3.914 846.2315 12.2961
3.924 846.2451 12.2944
3.934 846.2451 12.2946
3.944 846.2475 12.2949
3.954 846.2451 12.2931
3.964 846.2451 12.2944
3.974 846.2475 12.2966
3.984 846.2482 12.2971
3.994 846.2565 12.2969
4.004 846.2662 12.2965
4.014 846.2704 12.2957
4.024 846.2704 12.2952
4.034 846.2733 12.2957
4.044 846.2704 12.2970
4.054 846.2733 12.2978
4.064 846.2691 12.2981
4.074 846.2651 12.2973
4.084 846.2651 12.2960
4.094 846.2651 12.2965
4.104 846.2651 12.2964
4.114 846.2748 12.2950
4.124 846.2851 12.2954
4.134 846.2944 12.2973
4.144 846.3104 12.2979
4.154 846.3104 12.2962
4.164 846.3104 12.2957
4.174 846.3104 12.2971
4.184 846.3056 12.2975
4.194 846.3056 12.2978
4.204 846.3186 12.2987
4.214 846.3186 12.2975
4.224 846.3460 12.2966
4.234 846.3460 12.2967
4.244 846.3460 12.2967
4.254 846.3481 12.2971
4.264 846.3518 12.2992
4.274 846.3518 12.2998
4.284 846.3518 12.2992
4.294 846.3359 12.2998
4.304 846.3283 12.2982
4.314 846.3283 12.2984
4.324 846.3283 12.2990
4.334 846.3359 12.2983
4.344 846.3445 12.2981
4.354 846.3445 12.2986
4.364 846.3401 12.2987
4.374 846.3401 12.2979
4.384 846.3401 12.2982
4.394 846.3397 12.2990
4.404 846.3397 12.3009
4.414 846.3482 12.3002
4.424 846.3520 12.2988
4.434 846.3527 12.3000
4.444 846.3527 12.2988
4.454 846.3527 12.2992
4.464 846.3530 12.2996
4.474 846.3530 12.2998
4.484 846.3506 12.3000
4.494 846.3530 12.3003
4.504 846.3673 12.3009
4.514 846.3673 12.3013
4.524 846.3876 12.3023
4.534 846.3891 12.3026
4.544 846.3891 12.3017
4.554 846.4027 12.3003
4.564 846.4100 12.3015
4.574 846.4195 12.3024
4.584 846.4209 12.3009
4.594 846.4227 12.3005
4.604 846.4254 12.3009
4.614 846.4331 12.3002
4.624 846.4546 12.3000
4.634 846.4546 12.3000
4.644 846.4631 12.2996
4.654 846.4548 12.3013
4.664 846.4658 12.3034
4.674 846.4704 12.3019
4.684 846.4759 12.3013
4.694 846.4813 12.3017
4.704 846.4819 12.3011
4.714 846.4876 12.2999
4.724 846.4928 12.3007
4.734 846.4983 12.3023
4.744 846.5075 12.3024
4.754 846.5087 12.3024
4.764 846.5130 12.3025
4.774 846.5130 12.3038
4.784 846.5146 12.3034
4.794 846.5316 12.3017
4.804 846.5346 12.3028
4.814 846.5407 12.3055
4.824 846.5489 12.3053
4.834 846.5654 12.3040
4.844 846.5745 12.3049
4.854 846.5795 12.3053
4.864 846.5795 12.3047
4.874 846.5940 12.3041
4.884 846.5795 12.3021
4.894 846.5755 12.3042
4.904 846.5755 12.3057
4.914 846.6123 12.3029
4.924 846.6114 12.3029
4.934 846.6123 12.3028
4.944 846.6123 12.3032
4.954 846.6123 12.3034
4.964 846.6146 12.3024
4.974 846.6146 12.3038
4.984 846.6146 12.3040
4.994 846.6308 12.3036
5.004 846.6308 12.3044
5.014 846.6423 12.3029
5.024 846.6543 12.3029
5.034 846.6564 12.3050
5.044 846.6564 12.3058
5.054 846.6632 12.3059
5.064 846.6696 12.3055
5.074 846.6794 12.3051
5.084 846.6800 12.3049
5.094 846.6894 12.3054
5.104 846.6920 12.3055
5.114 846.7092 12.3061
5.124 846.7203 12.3045
5.134 846.7203 12.3034
5.144 846.7203 12.3061
5.154 846.7203 12.3053
5.164 846.7327 12.3058
5.174 846.7451 12.3075
5.184 846.7451 12.3053
5.194 846.7464 12.3054
5.204 846.7451 12.3061
5.214 846.7515 12.3058
5.224 846.7515 12.3072
5.234 846.7698 12.3070
5.244 846.7698 12.3061
5.254 846.7806 12.3070
5.264 846.8018 12.3071
5.274 846.8122 12.3061
5.284 846.8143 12.3058
5.294 846.8143 12.3061
5.304 846.8143 12.3054
5.314 846.8122 12.3045
5.324 846.8143 12.3050
5.334 846.8205 12.3065
5.344 846.8231 12.3075
5.354 846.8358 12.3062
5.364 846.8401 12.3055
5.374 846.8579 12.3059
5.384 846.8670 12.3057
5.394 846.8840 12.3061
5.404 846.8944 12.3067
5.414 846.8985 12.3082
5.424 846.9317 12.3074
5.434 846.9320 12.3072
5.444 846.9597 12.3082
5.454 846.9597 12.3083
5.464 846.9494 12.3085
5.474 846.9494 12.3082
5.484 846.9589 12.3079
5.494 846.9589 12.3068
5.504 846.9771 12.3079
5.514 846.9844 12.3096
5.524 847.0014 12.3101
5.534 847.0017 12.3095
5.544 847.0041 12.3089
5.554 847.0332 12.3097
5.564 847.0394 12.3097
5.574 847.0447 12.3101
5.584 847.0477 12.3103
5.594 847.0539 12.3099
5.604 847.0962 12.3114
5.614 847.0962 12.3122
5.624 847.1004 12.3104
5.634 847.1116 12.3091
5.644 847.1116 12.3093
5.654 847.1193 12.3088
5.664 847.1382 12.3091
5.674 847.1473 12.3082
5.684 847.1529 12.3083
5.694 847.1644 12.3095
5.704 847.2120 12.3103
5.714 847.2170 12.3109
5.724 847.2209 12.3103
5.734 847.2244 12.3120
5.744 847.2244 12.3110
5.754 847.2297 12.3103
5.764 847.2297 12.3101
5.774 847.2714 12.3109
5.784 847.2718 12.3139
5.794 847.2869 12.3122
5.804 847.3012 12.3097
5.814 847.3175 12.3100
5.824 847.3292 12.3113
5.834 847.3317 12.3130
5.844 847.3407 12.3109
5.854 847.3436 12.3100
5.864 847.3840 12.3113
5.874 847.3935 12.3108
5.884 847.4038 12.3099
5.894 847.4038 12.3089
5.904 847.4038 12.3101
5.914 847.4170 12.3108
5.924 847.4170 12.3114
5.934 847.4170 12.3110
5.944 847.4191 12.3104
5.954 847.4344 12.3109
5.964 847.4553 12.3116
5.974 847.5139 12.3131
5.984 847.5139 12.3127
5.994 847.5162 12.3117
6.004 847.5162 12.3130
6.014 847.5509 12.3141
6.024 847.5593 12.3122
6.034 847.5858 12.3105
6.044 847.6011 12.3112
6.054 847.6055 12.3122
6.064 847.6055 12.3116
6.074 847.6244 12.3113
6.084 847.6350 12.3113
6.094 847.6420 12.3121
6.104 847.6739 12.3129
6.114 847.6853 12.3141
6.124 847.6893 12.3151
6.134 847.6893 12.3137
6.144 847.6903 12.3139
6.154 847.6932 12.3133
6.164 847.7277 12.3118
6.174 847.7316 12.3125
6.184 847.7480 12.3137
6.194 847.7645 12.3139
6.204 847.7645 12.3125
6.214 847.7755 12.3138
6.224 847.7766 12.3146
6.234 847.8019 12.3148
6.244 847.8031 12.3160
6.254 847.8204 12.3146
6.264 847.8467 12.3143
6.274 847.8619 12.3156
6.284 847.8644 12.3151
6.294 847.8735 12.3145
6.304 847.8873 12.3135
6.314 847.8894 12.3137
6.324 847.8974 12.3135
6.334 847.8980 12.3141
6.344 847.9506 12.3156
6.354 847.9648 12.3155
6.364 847.9662 12.3150
6.374 847.9818 12.3150
6.384 847.9818 12.3155
6.394 848.0239 12.3162
6.404 848.0323 12.3164
6.414 848.0406 12.3143
6.424 848.0552 12.3133
6.434 848.0552 12.3143
6.444 848.0555 12.3152
6.454 848.0834 12.3167
6.464 848.0864 12.3164
6.474 848.0994 12.3159
6.484 848.1187 12.3183
6.494 848.1324 12.3169
6.504 848.1370 12.3156
6.514 848.1703 12.3168
6.524 848.1900 12.3185
6.534 848.1900 12.3185
6.544 848.1954 12.3154
6.554 848.2165 12.3147
6.564 848.2230 12.3175
6.574 848.2245 12.3181
6.584 848.2614 12.3164
6.594 848.2967 12.3164
6.604 848.3028 12.3162
6.614 848.3032 12.3169
6.624 848.3085 12.3176
6.634 848.3173 12.3162
6.644 848.3173 12.3162
6.654 848.3418 12.3160
6.664 848.3524 12.3164
6.674 848.3576 12.3176
6.684 848.4163 12.3168
6.694 848.4127 12.3169
6.704 848.4163 12.3184
6.714 848.4198 12.3177
6.724 848.4198 12.3169
6.734 848.4198 12.3180
6.744 849.1081 12.3163
6.754 849.3855 12.3148
6.764 849.3293 12.3159
6.774 849.3293 12.3156
6.784 849.3293 12.3150
6.794 849.3293 12.3155
6.804 849.3293 12.3162
6.814 849.3434 12.3171
6.824 849.3434 12.3166
6.834 849.3434 12.3166
6.844 849.3380 12.3168
6.854 849.3330 12.3173
6.864 849.3210 12.3183
6.874 849.3269 12.3167
6.884 849.3186 12.3150
6.894 849.3121 12.3147
6.904 849.3150 12.3166
6.914 849.3186 12.3184
6.924 849.3150 12.3181
6.934 849.3150 12.3162
6.944 849.3226 12.3169
6.954 849.3226 12.3192
6.964 849.3226 12.3189
6.974 849.3421 12.3175
6.984 849.3421 12.3184
6.994 849.3354 12.3189
7.004 849.3421 12.3177
7.014 849.3592 12.3181
7.024 849.3633 12.3198
7.034 849.3859 12.3192
7.044 849.3892 12.3181
7.054 849.3892 12.3204
7.064 849.3892 12.3200
7.074 849.3544 12.3193
7.084 849.3494 12.3192
7.094 849.3441 12.3201
7.104 849.3441 12.3200
7.114 849.3294 12.3198
7.124 849.3173 12.3213
7.134 849.3294 12.3206
7.144 849.3459 12.3211
7.154 849.3205 12.3201
7.164 849.3459 12.3204
7.174 849.3467 12.3206
7.184 849.3467 12.3205
7.194 849.3467 12.3213
7.204 849.3467 12.3200
7.214 849.3467 12.3186
7.224 849.3623 12.3181
7.234 849.3623 12.3201
7.244 849.3456 12.3219
7.254 849.3623 12.3200
7.264 849.3623 12.3201
7.274 849.3456 12.3206
7.284 849.3373 12.3200
7.294 849.3494 12.3198
7.304 849.3494 12.3202
7.314 849.3494 12.3209
7.324 849.3494 12.3207
7.334 849.3494 12.3214
7.344 849.3449 12.3196
7.354 849.3367 12.3207
7.364 849.3306 12.3221
7.374 849.3237 12.3196
7.384 849.3211 12.3221
7.394 849.3211 12.3228
7.404 849.3237 12.3209
7.414 849.3240 12.3206
7.424 849.3267 12.3214
7.434 849.3267 12.3202
7.444 849.3267 12.3196
7.454 849.3306 12.3223
7.464 849.3306 12.3226
7.474 849.3358 12.3219
7.484 849.3378 12.3202
7.494 849.3358 12.3214
7.504 849.3272 12.3228
7.514 849.3346 12.3221
7.524 849.3278 12.3228
7.534 849.3278 12.3222
7.544 849.3346 12.3231
7.554 849.3393 12.3227
7.564 849.3393 12.3210
7.574 849.3567 12.3219
7.584 849.3393 12.3234
7.594 849.3365 12.3248
7.604 849.3348 12.3255
7.614 849.3354 12.3239
7.624 849.3354 12.3238
7.634 849.3348 12.3249
7.644 849.3354 12.3244
7.654 849.3410 12.3247
7.664 849.3448 12.3249
7.674 849.3495 12.3235
7.684 849.3495 12.3249
7.694 849.3410 12.3260
7.704 849.3348 12.3239
7.714 849.3348 12.3227
7.724 849.3308 12.3221
7.734 849.3308 12.3239
7.744 849.3437 12.3240
7.754 849.3454 12.3231
7.764 849.3454 12.3239
7.774 849.3454 12.3248
7.784 849.3478 12.3253
7.794 849.3486 12.3246
7.804 849.3478 12.3242
7.814 849.3478 12.3253
7.824 849.3478 12.3259
7.834 849.3462 12.3253
7.844 849.3447 12.3260
7.854 849.3212 12.3255
7.864 849.3212 12.3260
7.874 849.3212 12.3249
7.884 849.3233 12.3232
7.894 849.3233 12.3251
7.904 849.3387 12.3261
7.914 849.3397 12.3261
7.924 849.3397 12.3263
7.934 849.3341 12.3269
7.944 849.3397 12.3268
7.954 849.3341 12.3261
7.964 849.3300 12.3265
7.974 849.3300 12.3263
7.984 849.3441 12.3257
7.994 849.3300 12.3263
8.004 849.3453 12.3257
8.014 849.3453 12.3268
8.024 849.3305 12.3280
8.034 849.3305 12.3276
8.044 849.3570 12.3276
8.054 849.3570 12.3286
8.064 849.3653 12.3284
8.074 849.3653 12.3273
8.084 849.3570 12.3289
8.094 849.3491 12.3293
8.104 849.3485 12.3280
8.114 849.3396 12.3287
8.124 849.3385 12.3285
8.134 849.3331 12.3287
8.144 849.3331 12.3293
8.154 849.3325 12.3287
8.164 849.3325 12.3290
8.174 849.3305 12.3284
8.184 849.3191 12.3272
8.194 849.3191 12.3267
8.204 849.3191 12.3270
8.214 849.3273 12.3274
8.224 849.3273 12.3277
8.234 849.3299 12.3281
8.244 849.3299 12.3290
8.254 849.3390 12.3290
8.264 849.3427 12.3298
8.274 849.3427 12.3287
8.284 849.3390 12.3267
8.294 849.3427 12.3270
8.304 849.3379 12.3269
8.314 849.3379 12.3281
8.324 849.3458 12.3290
8.334 849.3458 12.3295
8.344 849.3298 12.3312
8.354 849.3336 12.3305
8.364 849.3336 12.3308
8.374 849.3336 12.3314
8.384 849.3375 12.3299
8.394 849.3387 12.3297
8.404 849.3387 12.3293
8.414 849.3387 12.3289
8.424 849.3387 12.3311
8.434 849.3371 12.3322
8.444 849.3371 12.3315
8.454 849.3392 12.3322
8.464 849.3513 12.3307
8.474 849.3513 12.3307
8.484 849.3513 12.3322
8.494 849.3415 12.3326
8.504 849.3369 12.3315
8.514 849.3215 12.3312
8.524 849.3214 12.3312
8.534 849.3195 12.3290
8.544 849.3195 12.3301
8.554 849.3214 12.3322
8.564 849.3348 12.3311
8.574 849.3418 12.3320
8.584 849.3418 12.3327
8.594 849.3419 12.3303
8.604 849.3418 12.3320
8.614 849.3369 12.3333
8.624 849.3263 12.3312
8.634 849.3330 12.3299
8.644 849.3274 12.3312
8.654 849.3274 12.3327
8.664 849.3274 12.3318
8.674 849.3330 12.3305
8.684 849.3274 12.3318
8.694 849.3351 12.3319
8.704 849.3368 12.3314
8.714 849.3433 12.3347
8.724 849.3433 12.3336
8.734 849.3444 12.3326
8.744 849.3433 12.3339
8.754 849.3444 12.3329
8.764 849.3444 12.3327
8.774 849.3471 12.3335
8.784 849.3348 12.3326
8.794 849.3386 12.3318
8.804 849.3386 12.3339
8.814 849.3421 12.3328
8.824 849.3386 12.3328
8.834 849.3386 12.3344
8.844 849.3421 12.3331
8.854 849.3279 12.3336
8.864 849.3279 12.3349
8.874 849.3432 12.3345
8.884 849.3467 12.3333
8.894 849.3467 12.3345
8.904 849.3532 12.3365
8.914 849.3467 12.3362
8.924 849.3467 12.3354
8.934 849.3302 12.3356
8.944 849.3302 12.3354
8.954 849.3302 12.3354
8.964 849.3302 12.3349
8.974 849.3302 12.3349
8.984 849.3303 12.3360
8.994 849.3364 12.3350
9.004 849.3364 12.3339
9.014 849.3364 12.3344
9.024 849.3417 12.3360
9.034 849.3417 12.3368
9.044 849.3314 12.3358
9.054 849.3314 12.3350
9.064 849.3311 12.3360
9.074 849.3311 12.3362
9.084 849.3484 12.3370
9.094 849.3599 12.3381
9.104 849.3484 12.3375
9.114 849.3484 12.3369
9.124 849.3484 12.3369
9.134 849.3484 12.3373
9.144 849.3484 12.3374
9.154 849.3484 12.3365
9.164 849.3448 12.3365
9.174 849.3520 12.3388
9.184 849.3448 12.3403
9.194 849.3448 12.3396
9.204 849.3452 12.3375
9.214 849.3502 12.3374
9.224 849.3502 12.3379
9.234 849.3502 12.3373
9.244 849.3526 12.3382
9.254 849.3504 12.3381
9.264 849.3504 12.3368
9.274 849.3342 12.3382
9.284 849.3504 12.3398
9.294 849.3504 12.3394
9.304 849.3559 12.3392
9.314 849.3559 12.3395
9.324 849.3559 12.3407
9.334 849.3541 12.3415
9.344 849.3510 12.3409
9.354 849.3510 12.3390
9.364 849.3371 12.3392
9.374 849.3510 12.3404
9.384 849.3510 12.3390
9.394 849.3554 12.3404
9.404 849.3509 12.3403
9.414 849.3509 12.3395
9.424 849.3509 12.3416
9.434 849.3524 12.3425
9.444 849.3509 12.3399
9.454 849.3524 12.3383
9.464 849.3524 12.3408
9.474 849.3524 12.3415
9.484 849.3451 12.3404
9.494 849.3524 12.3400
9.504 849.3544 12.3398
9.514 849.3527 12.3406
9.524 849.3544 12.3424
9.534 849.3544 12.3416
9.544 849.3527 12.3412
9.554 849.3527 12.3419
9.564 849.3498 12.3407
9.574 849.3398 12.3395
9.584 849.3398 12.3395
9.594 849.3498 12.3390
9.604 849.3398 12.3383
9.614 849.3376 12.3402
9.624 849.3376 12.3428
9.634 849.3409 12.3436
9.644 849.3405 12.3419
9.654 849.3405 12.3416
9.664 849.3405 12.3433
9.674 849.3379 12.3424
9.684 849.3338 12.3419
9.694 849.3241 12.3413
9.704 849.3338 12.3395
9.714 849.3379 12.3407
9.724 849.3241 12.3423
9.734 849.3494 12.3423
9.744 849.3494 12.3425
9.754 849.3494 12.3417
9.764 849.3326 12.3421
9.774 849.3494 12.3442
9.784 849.3466 12.3445
9.794 849.3466 12.3454
9.804 849.3466 12.3453
9.814 849.3496 12.3438
9.824 849.3466 12.3434
9.834 849.3496 12.3429
9.844 849.3514 12.3433
9.854 849.3514 12.3432
9.864 849.3446 12.3427
9.874 849.3501 12.3430
9.884 849.3458 12.3444
9.894 849.3458 12.3461
9.904 849.3458 12.3449
9.914 849.3458 12.3434
9.924 849.3458 12.3451
9.934 849.3316 12.3457
9.944 849.3316 12.3454
9.954 849.3378 12.3449
9.964 849.3434 12.3446
9.974 849.3434 12.3445
9.984 849.3513 12.3434
9.994 849.3534 12.3459
10.004 849.3567 12.3466
10.014 849.3534 12.3457
10.024 849.3573 12.3474
10.034 849.3573 12.3461
10.044 849.3431 12.3437
10.054 849.3334 12.3436
10.064 849.3334 12.3441
10.074 849.3334 12.3440
10.084 849.3334 12.3448
10.094 849.3301 12.3449
10.104 849.3508 12.3458
10.114 849.3301 12.3472
10.124 849.3301 12.3463
10.134 849.3262 12.3472
10.144 849.3331 12.3479
10.154 849.3331 12.3459
10.164 849.3442 12.3448
10.174 849.3371 12.3458
10.184 849.3371 12.3471
10.194 849.3418 12.3466
10.204 849.3383 12.3459
10.214 849.3371 12.3479
10.224 849.3383 12.3479
10.234 849.3418 12.3462
10.244 849.3383 12.3462
10.254 849.3203 12.3474
10.264 849.3253 12.3470
10.274 849.3253 12.3458
10.284 849.3253 12.3469
10.294 849.3495 12.3472
10.304 849.3495 12.3474
10.314 849.3510 12.3472
10.324 849.3510 12.3472
10.334 849.3510 12.3472
10.344 849.3459 12.3487
10.354 849.3551 12.3489
10.364 849.3459 12.3466
10.374 849.3360 12.3475
10.384 849.3360 12.3478
10.394 849.3498 12.3461
10.404 849.3360 12.3475
10.414 849.3498 12.3482
10.424 849.3498 12.3491
10.434 849.3508 12.3504
10.444 849.3441 12.3497
10.454 849.3441 12.3508
10.464 849.3441 12.3510
10.474 849.3276 12.3503
10.484 849.3276 12.3501
10.494 849.3459 12.3489
10.504 849.3459 12.3482
10.514 849.3264 12.3497
10.524 849.3370 12.3495
10.534 849.3223 12.3488
10.544 849.3223 12.3489
10.554 849.3370 12.3495
10.564 849.3441 12.3493
10.574 849.3450 12.3491
10.584 849.3450 12.3505
10.594 849.3441 12.3505
10.604 849.3441 12.3496
10.614 849.3450 12.3486
10.624 849.3417 12.3480
10.634 849.3434 12.3486
10.644 849.3434 12.3503
10.654 849.3434 12.3510
10.664 849.3417 12.3497
10.674 849.3434 12.3501
10.684 849.3426 12.3512
10.694 849.3426 12.3512
10.704 849.3384 12.3491
10.714 849.3364 12.3489
10.724 849.3364 12.3503
10.734 849.3353 12.3503
10.744 849.3364 12.3507
10.754 849.3383 12.3520
10.764 849.3383 12.3535
10.774 849.3383 12.3522
10.784 849.3441 12.3514
10.794 849.3441 12.3514
10.804 849.3441 12.3497
10.814 849.3441 12.3512
10.824 849.3420 12.3508
10.834 849.3411 12.3480
10.844 849.3346 12.3516
10.854 849.3346 12.3518
10.864 849.3352 12.3503
10.874 849.3352 12.3521
10.884 849.3352 12.3530
10.894 849.3352 12.3525
10.904 849.3405 12.3526
10.914 849.3405 12.3529
10.924 849.3331 12.3521
10.934 849.3331 12.3512
10.944 849.3405 12.3528
10.954 849.3331 12.3537
10.964 849.3331 12.3531
10.974 849.3425 12.3549
10.984 849.3425 12.3546
10.994 849.3425 12.3522
11.004 849.3476 12.3514
11.014 849.3425 12.3513
11.024 849.3401 12.3528
11.034 849.3401 12.3528
11.044 849.3387 12.3521
11.054 849.3245 12.3542
11.064 849.3192 12.3529
11.074 849.3192 12.3521
11.084 849.3245 12.3537
11.094 849.3362 12.3542
11.104 849.3382 12.3541
11.114 849.3448 12.3539
11.124 849.3533 12.3559
11.134 849.3533 12.3567
11.144 849.3397 12.3549
11.154 849.3397 12.3562
11.164 849.3397 12.3558
11.174 849.3365 12.3541
11.184 849.3365 12.3551
11.194 849.3365 12.3551
11.204 849.3418 12.3559
11.214 849.3421 12.3571
11.224 849.3550 12.3568
11.234 849.3550 12.3560
11.244 849.3421 12.3556
11.254 849.3386 12.3552
11.264 849.3288 12.3558
11.274 849.3288 12.3572
11.284 849.3288 12.3572
11.294 849.3288 12.3576
11.304 849.3561 12.3576
11.314 849.3561 12.3563
11.324 849.3491 12.3564
11.334 849.3447 12.3568
11.344 849.3447 12.3560
11.354 849.3353 12.3556
11.364 849.3353 12.3562
11.374 849.3353 12.3558
11.384 849.3326 12.3556
11.394 849.3326 12.3556
11.404 849.3326 12.3573
11.414 849.3326 12.3583
11.424 849.3326 12.3568
11.434 849.3412 12.3564
11.444 849.3412 12.3566
11.454 849.3617 12.3579
11.464 849.3617 12.3577
11.474 849.3617 12.3587
11.484 849.3569 12.3604
11.494 849.3396 12.3587
11.504 849.3396 12.3590
11.514 849.3396 12.3597
11.524 849.3396 12.3573
11.534 849.3396 12.3576
11.544 849.3467 12.3584
11.554 849.3423 12.3585
11.564 849.3423 12.3573
11.574 849.3423 12.3570
11.584 849.3467 12.3577
11.594 849.3567 12.3568
11.604 849.3567 12.3579
11.614 849.3420 12.3584
11.624 849.3396 12.3589
11.634 849.3358 12.3584
11.644 849.3323 12.3580
11.654 849.3323 12.3580
11.664 849.3343 12.3567
11.674 849.3323 12.3580
11.684 849.3343 12.3589
11.694 849.3442 12.3596
11.704 849.3442 12.3610
11.714 849.3442 12.3596
11.724 849.3442 12.3590
11.734 849.3498 12.3605
11.744 849.3348 12.3606
11.754 849.3348 12.3611
11.764 849.3348 12.3608
11.774 849.3498 12.3605
11.784 849.3513 12.3613
11.794 849.3513 12.3610
11.804 849.3495 12.3627
11.814 849.3495 12.3626
11.824 849.3357 12.3602
11.834 849.3357 12.3611
11.844 849.3354 12.3617
11.854 849.3357 12.3608
11.864 849.3339 12.3611
11.874 849.3339 12.3608
11.884 849.3339 12.3602
11.894 849.3401 12.3615
11.904 849.3460 12.3615
11.914 849.3542 12.3618
11.924 849.3542 12.3638
11.934 849.3550 12.3635
11.944 849.3650 12.3622
11.954 849.3650 12.3621
11.964 849.3650 12.3632
11.974 849.3650 12.3634
11.984 849.3515 12.3619
11.994 849.3498 12.3626
12.004 849.3498 12.3627
12.014 849.3515 12.3626
12.024 849.3515 12.3622
12.034 849.3451 12.3615
12.044 849.3462 12.3622
12.054 849.3451 12.3625
12.064 849.3451 12.3635
12.074 849.3445 12.3656
12.084 849.3462 12.3650
12.094 849.3465 12.3619
12.104 849.3465 12.3621
12.114 849.3465 12.3635
12.124 849.3509 12.3636
12.134 849.3509 12.3640
12.144 849.3498 12.3638
12.154 849.3498 12.3613
12.164 849.3498 12.3619
12.174 849.3498 12.3636
12.184 849.3498 12.3626
12.194 849.3467 12.3638
12.204 849.3467 12.3652
12.214 849.3467 12.3646
12.224 849.3351 12.3648
12.234 849.3351 12.3634
12.244 849.3351 12.3617
12.254 849.3431 12.3650
12.264 849.3431 12.3674
12.274 849.3520 12.3661
12.284 849.3528 12.3653
12.294 849.3528 12.3665
12.304 849.3528 12.3665
12.314 849.3528 12.3652
12.324 849.3528 12.3651
12.334 849.3508 12.3648
12.344 849.3500 12.3636
12.354 849.3500 12.3648
12.364 849.3500 12.3644
12.374 849.3500 12.3648
12.384 849.3500 12.3650
12.394 849.3455 12.3643
12.404 849.3469 12.3643
12.414 849.3532 12.3646
12.424 849.3469 12.3671
12.434 849.3401 12.3664
12.444 849.3469 12.3647
12.454 849.3401 12.3672
12.464 849.3401 12.3680
12.474 849.3401 12.3661
12.484 849.3516 12.3665
12.494 849.3516 12.3677
12.504 849.3581 12.3676
12.514 849.3581 12.3673
12.524 849.3581 12.3676
12.534 849.3581 12.3674
12.544 849.3513 12.3682
12.554 849.3513 12.3702
12.564 849.3474 12.3689
12.574 849.3405 12.3651
12.584 849.3474 12.3665
12.594 849.3554 12.3685
12.604 849.3460 12.3681
12.614 849.3554 12.3685
12.624 849.3554 12.3682
12.634 849.3554 12.3678
12.644 849.3483 12.3685
12.654 849.3557 12.3686
12.664 849.3483 12.3680
12.674 849.3442 12.3681
12.684 849.3442 12.3698
12.694 849.3442 12.3699
12.704 849.3439 12.3678
12.714 849.3439 12.3668
12.724 849.3439 12.3681
12.734 849.3439 12.3682
12.744 849.3442 12.3671
12.754 849.3545 12.3681
12.764 849.3545 12.3691
12.774 849.3678 12.3703
12.784 849.3678 12.3697
12.794 849.3474 12.3677
12.804 849.3471 12.3688
12.814 849.3471 12.3698
12.824 849.3468 12.3701
12.834 849.3468 12.3699
12.844 849.3533 12.3694
12.854 849.3567 12.3699
12.864 849.3567 12.3715
12.874 849.3567 12.3723
12.884 849.3461 12.3723
12.894 849.3461 12.3712
12.904 849.3461 12.3705
12.914 849.3591 12.3714
12.924 849.3635 12.3718
12.934 849.3635 12.3710
12.944 849.3591 12.3701
12.954 849.3503 12.3697
12.964 849.3502 12.3702
12.974 849.3474 12.3712
12.984 849.3467 12.3726
12.994 849.3467 12.3718
13.004 849.3467 12.3714
13.014 849.3467 12.3730
13.024 849.3447 12.3724
13.034 849.3508 12.3712
13.044 849.3447 12.3716
13.054 849.3482 12.3720
13.064 849.3447 12.3714
13.074 849.3482 12.3709
13.084 849.3482 12.3702
13.094 849.3491 12.3712
13.104 849.3491 12.3724
13.114 849.3499 12.3724
13.124 849.3499 12.3732
13.134 849.3509 12.3727
13.144 849.3509 12.3712
13.154 849.3511 12.3712
13.164 849.3511 12.3724
13.174 849.3511 12.3737
13.184 849.3585 12.3735
13.194 849.3511 12.3730
13.204 849.3550 12.3731
13.214 849.3534 12.3712
13.224 849.3534 12.3715
13.234 849.3350 12.3740
13.244 849.3455 12.3731
13.254 849.3375 12.3732
13.264 849.3375 12.3736
13.274 849.3455 12.3732
13.284 849.3519 12.3754
13.294 849.3519 12.3757
13.304 849.3613 12.3752
13.314 849.3519 12.3733
13.324 849.3613 12.3735
13.334 849.3443 12.3747
13.344 849.3576 12.3744
13.354 849.3576 12.3737
13.364 849.3576 12.3735
13.374 849.3310 12.3748
13.384 849.3352 12.3735
13.394 849.3352 12.3735
13.404 849.3352 12.3737
13.414 849.3422 12.3732
13.424 849.3464 12.3745
13.434 849.3464 12.3745
13.444 849.3505 12.3743
13.454 849.3581 12.3741
13.464 849.3505 12.3752
13.474 849.3493 12.3760
13.484 849.3613 12.3745
13.494 849.3613 12.3761
13.504 849.3607 12.3752
13.514 849.3607 12.3747
13.524 849.3613 12.3749
13.534 849.3607 12.3737
13.544 849.3503 12.3761
13.554 849.3503 12.3778
13.564 849.3503 12.3782
13.574 849.3438 12.3772
13.584 849.3503 12.3785
13.594 849.3551 12.3782
13.604 849.3438 12.3766
13.614 849.3557 12.3770
13.624 849.3582 12.3766
13.634 849.3724 12.3786
13.644 849.3582 12.3798
13.654 849.3582 12.3791
13.664 849.3689 12.3787
13.674 849.3550 12.3785
13.684 849.3534 12.3778
13.694 849.3491 12.3770
13.704 849.3534 12.3748
13.714 849.3463 12.3756
13.724 849.3463 12.3775
13.734 849.3420 12.3779
13.744 849.3331 12.3783
13.754 849.3331 12.3785
13.764 849.3331 12.3800
13.774 849.3420 12.3791
13.784 849.3331 12.3787
13.794 849.3638 12.3803
13.804 849.3338 12.3804
13.814 849.3426 12.3787
13.824 849.3426 12.3787
13.834 849.3438 12.3803
13.844 849.3433 12.3777
13.854 849.3438 12.3762
13.864 849.3467 12.3774
13.874 849.3530 12.3786
13.884 849.3467 12.3790
13.894 849.3467 12.3791
13.904 849.3428 12.3804
13.914 849.3428 12.3807
13.924 849.3428 12.3800
13.934 849.3349 12.3798
13.944 849.3431 12.3786
13.954 849.3431 12.3783
13.964 849.3431 12.3806
13.974 849.3388 12.3794
13.984 849.3431 12.3790
13.994 849.3520 12.3806
14.004 849.3520 12.3806
14.014 849.3528 12.3810
14.024 849.3528 12.3811
14.034 849.3555 12.3824
14.044 849.3555 12.3828
14.054 849.3501 12.3813
14.064 849.3498 12.3821
14.074 849.3501 12.3819
14.084 849.3483 12.3812
14.094 849.3390 12.3816
14.104 849.3322 12.3837
14.114 849.3312 12.3852
14.124 849.3312 12.3832
14.134 849.3312 12.3827
14.144 849.3461 12.3815
14.154 849.3461 12.3807
14.164 849.3521 12.3811
14.174 849.3521 12.3828
14.184 849.3461 12.3838
14.194 849.3419 12.3821
14.204 849.3521 12.3810
14.214 849.3598 12.3816
14.224 849.3419 12.3825
14.234 849.3598 12.3808
14.244 849.3647 12.3795
14.254 849.3649 12.3799
14.264 849.3647 12.3821
14.274 849.3647 12.3811
14.284 849.3657 12.3794
14.294 849.3564 12.3828
14.304 849.3513 12.3844
14.314 849.3513 12.3827
14.324 849.3513 12.3799
14.334 849.3513 12.3803
14.344 849.3430 12.3845
14.354 849.3614 12.3854
14.364 849.3430 12.3820
14.374 849.3484 12.3808
14.384 849.3484 12.3807
14.394 849.3614 12.3813
14.404 849.3484 12.3833
14.414 849.3519 12.3837
14.424 849.3607 12.3834
14.434 849.3519 12.3829
14.444 849.3519 12.3837
14.454 849.3519 12.3845
14.464 849.3574 12.3846
14.474 849.3483 12.3844
14.484 849.3445 12.3853
14.494 849.3445 12.3861
14.504 849.3480 12.3855
14.514 849.3382 12.3853
14.524 849.3382 12.3844
14.534 849.3466 12.3836
14.544 849.3436 12.3827
14.554 849.3376 12.3829
14.564 849.3436 12.3848
14.574 849.3436 12.3861
14.584 849.3376 12.3859
14.594 849.3376 12.3867
14.604 849.3375 12.3869
14.614 849.3375 12.3866
14.624 849.3375 12.3876
14.634 849.3547 12.3875
14.644 849.3466 12.3867
14.654 849.3499 12.3867
14.664 849.3466 12.3886
14.674 849.3499 12.3884
14.684 849.3466 12.3862
14.694 849.3499 12.3857
14.704 849.3461 12.3865
14.714 849.3562 12.3871
14.724 849.3461 12.3875
14.734 849.3461 12.3863
14.744 849.3461 12.3866
14.754 849.3429 12.3878
14.764 849.3429 12.3853
14.774 849.3452 12.3861
14.784 849.3558 12.3871
14.794 849.3452 12.3871
14.804 849.3452 12.3879
14.814 849.3422 12.3873
14.824 849.3402 12.3882
14.834 849.3402 12.3886
14.844 849.3422 12.3890
14.854 849.3578 12.3893
14.864 849.3578 12.3896
14.874 849.3655 12.3904
14.884 849.3578 12.3884
14.894 849.3605 12.3883
14.904 849.3599 12.3895
14.914 849.3605 12.3892
14.924 849.3605 12.3897
14.934 849.3631 12.3900
14.944 849.3631 12.3901
14.954 849.3631 12.3888
14.964 849.3602 12.3883
14.974 849.3558 12.3887
14.984 849.3481 12.3883
14.994 849.3558 12.3900
15.004 849.3602 12.3920
15.014 849.3616 12.3907
15.024 849.3616 12.3897
15.034 849.3616 12.3904
15.044 849.3616 12.3922
15.054 849.3620 12.3942
15.064 849.3591 12.3939
15.074 849.3591 12.3928
15.084 849.3489 12.3904
15.094 849.3489 12.3899
15.104 849.3489 12.3928
15.114 849.3439 12.3920
15.124 849.3519 12.3893
15.134 849.3524 12.3905
15.144 849.3524 12.3924
15.154 849.3524 12.3920
15.164 849.3577 12.3907
15.174 849.3577 12.3908
15.184 849.3577 12.3928
15.194 849.3380 12.3930
15.204 849.3577 12.3918
15.214 849.3380 12.3903
15.224 849.3380 12.3890
15.234 849.3447 12.3922
15.244 849.3494 12.3925
15.254 849.3447 12.3917
15.264 849.3447 12.3930
15.274 849.3362 12.3918
15.284 849.3294 12.3914
15.294 849.3294 12.3924
15.304 849.3294 12.3920
15.314 849.3318 12.3916
15.324 849.3435 12.3922
15.334 849.3497 12.3935
15.344 849.3497 12.3939
15.354 849.3559 12.3918
15.364 849.3586 12.3924
15.374 849.3769 12.3935
15.384 849.3586 12.3933
15.394 849.3656 12.3939
15.404 849.3656 12.3938
15.414 849.3656 12.3932
15.424 849.3652 12.3935
15.434 849.3652 12.3950
15.444 849.3535 12.3962
15.454 849.3535 12.3954
15.464 849.3535 12.3941
15.474 849.3535 12.3950
15.484 849.3535 12.3950
15.494 849.3535 12.3932
15.504 849.3568 12.3933
15.514 849.3535 12.3955
15.524 849.3467 12.3964
15.534 849.3461 12.3953
15.544 849.3467 12.3942
15.554 849.3437 12.3951
15.564 849.3452 12.3960
15.574 849.3452 12.3955
15.584 849.3514 12.3951
15.594 849.3514 12.3947
15.604 849.3514 12.3950
15.614 849.3514 12.3949
15.624 849.3584 12.3954
15.634 849.3584 12.3966
15.644 849.3448 12.3963
15.654 849.3470 12.3958
15.664 849.3584 12.3954
15.674 849.3470 12.3943
15.684 849.3413 12.3941
15.694 849.3413 12.3958
15.704 849.3398 12.3956
15.714 849.3384 12.3955
15.724 849.3384 12.3975
15.734 849.3398 12.3960
15.744 849.3398 12.3947
15.754 849.3384 12.3967
15.764 849.3469 12.3959
15.774 849.3469 12.3951
15.784 849.3493 12.3962
15.794 849.3493 12.3954
15.804 849.3564 12.3954
15.814 849.3579 12.3951
15.824 849.3564 12.3953
15.834 849.3532 12.3950
15.844 849.3532 12.3947
15.854 849.3517 12.3939
15.864 849.3517 12.3949
15.874 849.3517 12.3970
15.884 849.3567 12.3947
15.894 849.3583 12.3950
15.904 849.3590 12.3967
15.914 849.3590 12.3979
15.924 849.3663 12.3989
15.934 849.3583 12.3989
15.944 849.3707 12.3987
15.954 849.3430 12.3983
15.964 849.3683 12.3974
15.974 849.3610 12.3968
15.984 849.3610 12.3984
15.994 849.3454 12.3983
16.004 849.3454 12.3984
16.014 849.3454 12.3991
16.024 849.3454 12.3989
16.034 849.3571 12.4002
16.044 849.3571 12.3997
16.054 849.3671 12.3993
16.064 849.3571 12.4006
16.074 849.3573 12.4009
16.084 849.3573 12.4009
16.094 849.3573 12.4006
16.104 849.3573 12.4005
16.114 849.3573 12.4009
16.124 849.3627 12.4015
16.134 849.3627 12.4005
16.144 849.3627 12.3998
16.154 849.3500 12.4004
16.164 849.3435 12.4013
16.174 849.3411 12.4023
16.184 849.3391 12.4008
16.194 849.3391 12.4002
16.204 849.3435 12.3996
16.214 849.3453 12.4000
16.224 849.3544 12.3998
16.234 849.3544 12.3987
16.244 849.3544 12.4009
16.254 849.3544 12.4015
16.264 849.3544 12.4009
16.274 849.3603 12.4014
16.284 849.3603 12.4006
16.294 849.3603 12.4004
16.304 849.3556 12.4002
16.314 849.3556 12.3998
16.324 849.3529 12.3996
16.334 849.3556 12.3980
16.344 849.3604 12.3992
16.354 849.3604 12.4019
16.364 849.3399 12.4034
16.374 849.3708 12.4023
16.384 849.3740 12.4022
16.394 849.3467 12.4026
16.404 849.3794 12.4001
16.414 849.3794 12.4014
16.424 849.3570 12.4027
16.434 849.3467 12.4015
16.444 849.3520 12.4029
16.454 849.3417 12.4025
16.464 849.3505 12.4022
16.474 849.3505 12.4039
16.484 849.3520 12.4031
16.494 849.3505 12.4026
16.504 849.3546 12.4027
16.514 849.3608 12.4013
16.524 849.3608 12.4022
16.534 849.3452 12.4030
16.544 849.3608 12.4023
16.554 849.3452 12.4033
16.564 849.3366 12.4050
16.574 849.3366 12.4042
16.584 849.3369 12.4027
16.594 849.3254 12.4026
16.604 849.3369 12.4026
16.614 849.3457 12.4030
16.624 849.3575 12.4039
16.634 849.3457 12.4050
16.644 849.3457 12.4044
16.654 849.3457 12.4034
16.664 849.3440 12.4027
16.674 849.3393 12.4030
16.684 849.3316 12.4025
16.694 849.3393 12.4021
16.704 849.3393 12.4026
16.714 849.3401 12.4033
16.724 849.3401 12.4034
16.734 849.3493 12.4034
16.744 849.3493 12.4036
16.754 849.3599 12.4040
16.764 849.3475 12.4042
16.774 849.3517 12.4036
16.784 849.3517 12.4035
16.794 849.3517 12.4029
16.804 849.3517 12.4040
16.814 849.3517 12.4050
16.824 849.3537 12.4038
16.834 849.3537 12.4051
16.844 849.3537 12.4078
16.854 849.3525 12.4071
16.864 849.3556 12.4046
16.874 849.3536 12.4033
16.884 849.3525 12.4044
16.894 849.3536 12.4061
16.904 849.3536 12.4047
16.914 849.3489 12.4056
16.924 849.3489 12.4069
16.934 849.3489 12.4056
16.944 849.3489 12.4061
16.954 849.3489 12.4077
16.964 849.3360 12.4077
16.974 849.3360 12.4059
16.984 849.3492 12.4046
16.994 849.3465 12.4047
17.004 849.3465 12.4057
17.014 849.3492 12.4054
17.024 849.3492 12.4059
17.034 849.3498 12.4060
17.044 849.3512 12.4059
17.054 849.3532 12.4084
17.064 849.3633 12.4081
17.074 849.3633 12.4071
17.084 849.3633 12.4065
17.094 849.3633 12.4063
17.104 849.3539 12.4084
17.114 849.3539 12.4080
17.124 849.3497 12.4072
17.134 849.3553 12.4085
17.144 849.3347 12.4085
17.154 849.3332 12.4078
17.164 849.3305 12.4081
17.174 849.3332 12.4090
17.184 849.3332 12.4095
17.194 849.3264 12.4093
17.204 849.3394 12.4086
17.214 849.3446 12.4063
17.224 849.3464 12.4061
17.234 849.3464 12.4095
17.244 849.3464 12.4093
17.254 849.3521 12.4094
17.264 849.3521 12.4101
17.274 849.3521 12.4071
17.284 849.3521 12.4084
17.294 849.3525 12.4102
17.304 849.3525 12.4085
17.314 849.3519 12.4105
17.324 849.3325 12.4107
17.334 849.3284 12.4094
17.344 849.3284 12.4101
17.354 849.3325 12.4122
17.364 849.3464 12.4102
17.374 849.3559 12.4072
17.384 849.3672 12.4093
17.394 849.3559 12.4109
17.404 849.3554 12.4107
17.414 849.3660 12.4105
17.424 849.3660 12.4118
17.434 849.3554 12.4118
17.444 849.3581 12.4103
17.454 849.3581 12.4106
17.464 849.3548 12.4114
17.474 849.3390 12.4115
17.484 849.3548 12.4099
17.494 849.3390 12.4090
17.504 849.3390 12.4106
17.514 849.3334 12.4113
17.524 849.3322 12.4109
17.534 849.3322 12.4101
17.544 849.3337 12.4092
17.554 849.3322 12.4107
17.564 849.3337 12.4130
17.574 849.3563 12.4111
17.584 849.3563 12.4102
17.594 849.3407 12.4113
17.604 849.3560 12.4115
17.614 849.3526 12.4122
17.624 849.3407 12.4120
17.634 849.3442 12.4089
17.644 849.3448 12.4099
17.654 849.3448 12.4131
17.664 849.3442 12.4118
17.674 849.3448 12.4128
17.684 849.3489 12.4139
17.694 849.3489 12.4143
17.704 849.3430 12.4139
17.714 849.3430 12.4118
17.724 849.3430 12.4103
17.734 849.3413 12.4110
17.744 849.3413 12.4135
17.754 849.3421 12.4141
17.764 849.3438 12.4137
17.774 849.3438 12.4137
17.784 849.3609 12.4135
17.794 849.3609 12.4135
17.804 849.3609 12.4130
17.814 849.3577 12.4123
17.824 849.3577 12.4126
17.834 849.3577 12.4136
17.844 849.3577 12.4144
17.854 849.3630 12.4137
17.864 849.3630 12.4147
17.874 849.3444 12.4147
17.884 849.3444 12.4147
17.894 849.3444 12.4148
17.904 849.3444 12.4131
17.914 849.3468 12.4140
17.924 849.3509 12.4153
17.934 849.3509 12.4143
17.944 849.3524 12.4144
17.954 849.3524 12.4144
17.964 849.3607 12.4134
17.974 849.3607 12.4140
17.984 849.3394 12.4143
17.994 849.3394 12.4140
18.004 849.3394 12.4141
18.014 849.3394 12.4149
18.024 849.3394 12.4156
18.034 849.3500 12.4161
18.044 849.3582 12.4157
18.054 849.3582 12.4141
18.064 849.3535 12.4155
18.074 849.3535 12.4162
18.084 849.3467 12.4149
18.094 849.3467 12.4162
18.104 849.3497 12.4166
18.114 849.3467 12.4156
18.124 849.3497 12.4140
18.134 849.3497 12.4155
18.144 849.3497 12.4181
18.154 849.3499 12.4160
18.164 849.3576 12.4168
18.174 849.3576 12.4200
18.184 849.3576 12.4194
18.194 849.3466 12.4172
18.204 849.3443 12.4182
18.214 849.3443 12.4190
18.224 849.3466 12.4179
18.234 849.3443 12.4183
18.244 849.3528 12.4178
18.254 849.3613 12.4173
18.264 849.3528 12.4165
18.274 849.3613 12.4185
18.284 849.3613 12.4202
18.294 849.3527 12.4206
18.304 849.3527 12.4203
18.314 849.3663 12.4191
18.324 849.3663 12.4199
18.334 849.3663 12.4194
18.344 849.3785 12.4174
18.354 849.3785 12.4179
18.364 849.3544 12.4186
18.374 849.3544 12.4193
18.384 849.3544 12.4217
18.394 849.3544 12.4195
18.404 849.3651 12.4181
18.414 849.3651 12.4199
18.424 849.3622 12.4202
18.434 849.3622 12.4196
18.444 849.3534 12.4189
18.454 849.3498 12.4196
18.464 849.3498 12.4203
18.474 849.3498 12.4179
18.484 849.3636 12.4195
18.494 849.3636 12.4235
18.504 849.3636 12.4227
18.514 849.3653 12.4202
18.524 849.3581 12.4186
18.534 849.3574 12.4190
18.544 849.3574 12.4199
18.554 849.3460 12.4199
18.564 849.3442 12.4191
18.574 849.3460 12.4179
18.584 849.3460 12.4195
18.594 849.3460 12.4214
18.604 849.3442 12.4214
18.614 849.3536 12.4210
18.624 849.3385 12.4215
18.634 849.3385 12.4216
18.644 849.3659 12.4206
18.654 849.3683 12.4219
18.664 849.3737 12.4229
18.674 849.3737 12.4240
18.684 849.3729 12.4249
18.694 849.3729 12.4237
18.704 849.3729 12.4215
18.714 849.3680 12.4207
18.724 849.3582 12.4227
18.734 849.3582 12.4227
18.744 849.3582 12.4225
18.754 849.3553 12.4223
18.764 849.3509 12.4229
18.774 849.3472 12.4250
18.784 849.3472 12.4249
18.794 849.3472 12.4237
18.804 849.3511 12.4242
18.814 849.3555 12.4246
18.824 849.3555 12.4235
18.834 849.3555 12.4238
18.844 849.3555 12.4227
18.854 849.3555 12.4224
18.864 849.3458 12.4235
18.874 849.3449 12.4249
18.884 849.3597 12.4246
18.894 849.3597 12.4212
18.904 849.3597 12.4217
18.914 849.3597 12.4237
18.924 849.3597 12.4231
18.934 849.3479 12.4228
18.944 849.3440 12.4242
18.954 849.3440 12.4246
18.964 849.3431 12.4252
18.974 849.3431 12.4257
18.984 849.3543 12.4256
18.994 849.3563 12.4253
19.004 849.3563 12.4250
19.014 849.3563 12.4250
19.024 849.3563 12.4248
19.034 849.3504 12.4256
19.044 849.3504 12.4269
19.054 849.3504 12.4282
19.064 849.3433 12.4278
19.074 849.3433 12.4263
19.084 849.3433 12.4250
19.094 849.3433 12.4263
19.104 849.3463 12.4273
19.114 849.3533 12.4261
19.124 849.3533 12.4271
19.134 849.3533 12.4277
19.144 849.3533 12.4262
19.154 849.3428 12.4245
19.164 849.3428 12.4253
19.174 849.3428 12.4259
19.184 849.3472 12.4257
19.194 849.3584 12.4249
19.204 849.3646 12.4240
19.214 849.3610 12.4259
19.224 849.3610 12.4265
19.234 849.3584 12.4271
19.244 849.3578 12.4283
19.254 849.3578 12.4261
19.264 849.3548 12.4249
19.274 849.3578 12.4270
19.284 849.3578 12.4275
19.294 849.3554 12.4270
19.304 849.3554 12.4270
19.314 849.3592 12.4265
19.324 849.3592 12.4271
19.334 849.3592 12.4279
19.344 849.3645 12.4271
19.354 849.3698 12.4271
19.364 849.3645 12.4274
19.374 849.3648 12.4279
19.384 849.3704 12.4280
19.394 849.3648 12.4265
19.404 849.3563 12.4263
19.414 849.3563 12.4258
19.424 849.3563 12.4257
19.434 849.3563 12.4269
19.444 849.3803 12.4282
19.454 849.3803 12.4303
19.464 849.3803 12.4317
19.474 849.3668 12.4297
19.484 849.3638 12.4287
19.494 849.3638 12.4290
19.504 849.3638 12.4292
19.514 849.3656 12.4300
19.524 849.3638 12.4292
19.534 849.3635 12.4288
19.544 849.3497 12.4283
19.554 849.3629 12.4291
19.564 849.3552 12.4292
19.574 849.3629 12.4296
19.584 849.3552 12.4325
19.594 849.3629 12.4307
19.604 849.3564 12.4279
19.614 849.3564 12.4278
19.624 849.3489 12.4299
19.634 849.3489 12.4303
19.644 849.3489 12.4280
19.654 849.3489 12.4292
19.664 849.3555 12.4295
19.674 849.3555 12.4292
19.684 849.3555 12.4311
19.694 849.3540 12.4328
19.704 849.3529 12.4313
19.714 849.3526 12.4305
19.724 849.3470 12.4307
19.734 849.3526 12.4312
19.744 849.3529 12.4318
19.754 849.3502 12.4308
19.764 849.3538 12.4295
19.774 849.3538 12.4311
19.784 849.3502 12.4324
19.794 849.3422 12.4308
19.804 849.3422 12.4316
19.814 849.3422 12.4322
19.824 849.3438 12.4322
19.834 849.3438 12.4347
19.844 849.3483 12.4354
19.854 849.3483 12.4337
19.864 849.3483 12.4342
19.874 849.3510 12.4333
19.884 849.3510 12.4324
19.894 849.3569 12.4338
19.904 849.3531 12.4347
19.914 849.3531 12.4341
19.924 849.3631 12.4324
19.934 849.3631 12.4324
19.944 849.3575 12.4329
19.954 849.3575 12.4328
19.964 849.3575 12.4326
19.974 849.3575 12.4321
19.984 849.3581 12.4329
19.994 849.3581 12.4330
20.004 849.3587 12.4325
20.014 849.3581 12.4336
20.024 849.3513 12.4351
20.034 849.3513 12.4339
20.044 849.3708 12.4316
20.054 849.3708 12.4324
20.064 849.3716 12.4339
20.074 849.3716 12.4336
20.084 849.3716 12.4328
20.094 849.3513 12.4332
20.104 849.3509 12.4346
20.114 849.3474 12.4355
20.124 849.3442 12.4338
20.134 849.3442 12.4318
20.144 849.3442 12.4332
20.154 849.3442 12.4342
20.164 849.3518 12.4343
20.174 849.3727 12.4358
20.184 849.3727 12.4357
20.194 849.3727 12.4353
20.204 849.3727 12.4360
20.214 849.3669 12.4354
20.224 849.3645 12.4336
20.234 849.3645 12.4330
20.244 849.3645 12.4339
20.254 849.3548 12.4358
20.264 849.3450 12.4362
20.274 849.3450 12.4362
20.284 849.3450 12.4351
20.294 849.3450 12.4354
20.304 849.3450 12.4364
20.314 849.3491 12.4368
20.324 849.3382 12.4378
20.334 849.3382 12.4362
20.344 849.3544 12.4353
20.354 849.3588 12.4362
20.364 849.3588 12.4374
20.374 849.3588 12.4376
20.384 849.3505 12.4384
20.394 849.3505 12.4381
20.404 849.3505 12.4363
20.414 849.3523 12.4368
20.424 849.3659 12.4366
20.434 849.3659 12.4367
20.444 849.3691 12.4381
20.454 849.3691 12.4381
20.464 849.3685 12.4380
20.474 849.3685 12.4385
20.484 849.3685 12.4391
20.494 849.3649 12.4391
20.504 849.3572 12.4401
20.514 849.3623 12.4408
20.524 849.3623 12.4401
20.534 849.3507 12.4389
20.544 849.3507 12.4385
20.554 849.3567 12.4401
20.564 849.3567 12.4400
20.574 849.3567 12.4372
20.584 849.3629 12.4367
20.594 849.3629 12.4376
20.604 849.3629 12.4381
20.614 849.3629 12.4384
20.624 849.3617 12.4379
20.634 849.3593 12.4380
20.644 849.3593 12.4387
20.654 849.3549 12.4384
20.664 849.3454 12.4374
20.674 849.3593 12.4378
20.684 849.3634 12.4393
20.694 849.3454 12.4406
20.704 849.3574 12.4410
20.714 849.3574 12.4416
20.724 849.3492 12.4431
20.734 849.3492 12.4414
20.744 849.3492 12.4410
20.754 849.3444 12.4412
20.764 849.3486 12.4410
20.774 849.3486 12.4421
20.784 849.3486 12.4408
20.794 849.3519 12.4405
20.804 849.3575 12.4406
20.814 849.3618 12.4408
20.824 849.3575 12.4419
20.834 849.3575 12.4412
20.844 849.3487 12.4396
20.854 849.3487 12.4400
20.864 849.3487 12.4410
20.874 849.3613 12.4421
20.884 849.3613 12.4412
20.894 849.3627 12.4401
20.904 849.3613 12.4408
20.914 849.3592 12.4423
20.924 849.3592 12.4429
20.934 849.3474 12.4412
20.944 849.3474 12.4408
20.954 849.3548 12.4418
20.964 849.3548 12.4412
20.974 849.3474 12.4423
20.984 849.3548 12.4442
20.994 849.3769 12.4427
21.004 849.3601 12.4419
21.014 849.3709 12.4408
21.024 849.3709 12.4419
21.034 849.3700 12.4437
21.044 849.3665 12.4431
21.054 849.3665 12.4440
21.064 849.3591 12.4433
21.074 849.3665 12.4434
21.084 849.3665 12.4434
21.094 849.3709 12.4444
21.104 849.3720 12.4456
21.114 849.3720 12.4439
21.124 849.3735 12.4450
21.134 849.3720 12.4461
21.144 849.3692 12.4450
21.154 849.3640 12.4429
21.164 849.3615 12.4426
21.174 849.3615 12.4434
21.184 849.3450 12.4439
21.194 849.3450 12.4439
21.204 849.3608 12.4444
21.214 849.3733 12.4446
21.224 849.3624 12.4447
21.234 849.3624 12.4448
21.244 849.3624 12.4430
21.254 849.3624 12.4439
21.264 849.3535 12.4452
21.274 849.3535 12.4438
21.284 849.3700 12.4434
21.294 849.3700 12.4442
21.304 849.3700 12.4440
21.314 849.3700 12.4446
21.324 849.3661 12.4458
21.334 849.3561 12.4460
21.344 849.3449 12.4455
21.354 849.3449 12.4455
21.364 849.3588 12.4455
21.374 849.3543 12.4451
21.384 849.3588 12.4446
21.394 849.3589 12.4450
21.404 849.3589 12.4480
21.414 849.3589 12.4479
21.424 849.3596 12.4461
21.434 849.3596 12.4461
21.444 849.3596 12.4458
21.454 849.3578 12.4455
21.464 849.3578 12.4460
21.474 849.3578 12.4465
21.484 849.3457 12.4467
21.494 849.3457 12.4473
21.504 849.3402 12.4458
21.514 849.3378 12.4458
21.524 849.3378 12.4475
21.534 849.3402 12.4471
21.544 849.3393 12.4463
21.554 849.3484 12.4467
21.564 849.3572 12.4461
21.574 849.3572 12.4463
21.584 849.3572 12.4463
21.594 849.3572 12.4455
21.604 849.3431 12.4464
21.614 849.3431 12.4463
21.624 849.3508 12.4472
21.634 849.3431 12.4465
21.644 849.3419 12.4450
21.654 849.3508 12.4465
21.664 849.3419 12.4475
21.674 849.3419 12.4476
21.684 849.3625 12.4477
21.694 849.3745 12.4479
21.704 849.3625 12.4485
21.714 849.3639 12.4476
21.724 849.3745 12.4473
21.734 849.3639 12.4485
21.744 849.3639 12.4490
21.754 849.3778 12.4492
21.764 849.3778 12.4498
21.774 849.3548 12.4492
21.784 849.3636 12.4489
21.794 849.3597 12.4492
21.804 849.3597 12.4484
21.814 849.3636 12.4506
21.824 849.3636 12.4520
21.834 849.3647 12.4509
21.844 849.3647 12.4492
21.854 849.3665 12.4497
21.864 849.3636 12.4502
21.874 849.3500 12.4496
21.884 849.3500 12.4505
21.894 849.3618 12.4499
21.904 849.3559 12.4499
21.914 849.3559 12.4511
21.924 849.3559 12.4513
21.934 849.3559 12.4502
21.944 849.3559 12.4501
21.954 849.3412 12.4511
21.964 849.3547 12.4507
21.974 849.3573 12.4502
21.984 849.3688 12.4507
21.994 849.3547 12.4505
22.004 849.3597 12.4507
22.014 849.3783 12.4515
22.024 849.3597 12.4514
22.034 849.3597 12.4494
22.044 849.3597 12.4503
22.054 849.3552 12.4528
22.064 849.3552 12.4527
22.074 849.3611 12.4534
22.084 849.3552 12.4528
22.094 849.3611 12.4517
22.104 849.3611 12.4520
22.114 849.3469 12.4532
22.124 849.3469 12.4536
22.134 849.3502 12.4530
22.144 849.3502 12.4520
22.154 849.3537 12.4519
22.164 849.3611 12.4520
22.174 849.3537 12.4535
22.184 849.3537 12.4547
22.194 849.3502 12.4530
22.204 849.3502 12.4527
22.214 849.3502 12.4527
22.224 849.3520 12.4541
22.234 849.3557 12.4544
22.244 849.3661 12.4527
22.254 849.3557 12.4535
22.264 849.3522 12.4527
22.274 849.3522 12.4523
22.284 849.3522 12.4536
22.294 849.3522 12.4551
22.304 849.3522 12.4551
22.314 849.3461 12.4540
22.324 849.3531 12.4539
22.334 849.3531 12.4524
22.344 849.3560 12.4534
22.354 849.3560 12.4545
22.364 849.3705 12.4539
22.374 849.3560 12.4544
22.384 849.3525 12.4539
22.394 849.3525 12.4545
22.404 849.3525 12.4556
22.414 849.3525 12.4557
22.424 849.3586 12.4559
22.434 849.3586 12.4549
22.444 849.3465 12.4548
22.454 849.3654 12.4539
22.464 849.3654 12.4527
22.474 849.3609 12.4539
22.484 849.3609 12.4553
22.494 849.3609 12.4568
22.504 849.3609 12.4574
22.514 849.3606 12.4565
22.524 849.3409 12.4552
22.534 849.3409 12.4540
22.544 849.3681 12.4538
22.554 849.3631 12.4527
22.564 849.3631 12.4539
22.574 849.3631 12.4553
22.584 849.3631 12.4531
22.594 849.3543 12.4538
22.604 849.3543 12.4562
22.614 849.3662 12.4570
22.624 849.3662 12.4568
22.634 849.3527 12.4576
22.644 849.3662 12.4580
22.654 849.3527 12.4570
22.664 849.3527 12.4552
22.674 849.3527 12.4555
22.684 849.3600 12.4572
22.694 849.3600 12.4576
22.704 849.3662 12.4568
22.714 849.3662 12.4576
22.724 849.3662 12.4577
22.734 849.3662 12.4561
22.744 849.3662 12.4576
22.754 849.3556 12.4576
22.764 849.3556 12.4566
22.774 849.3495 12.4572
22.784 849.3495 12.4556
22.794 849.3492 12.4547
22.804 849.3495 12.4565
22.814 849.3526 12.4574
22.824 849.3611 12.4586
22.834 849.3550 12.4593
22.844 849.3550 12.4580
22.854 849.3550 12.4581
22.864 849.3497 12.4591
22.874 849.3467 12.4599
22.884 849.3467 12.4581
22.894 849.3497 12.4572
22.904 849.3508 12.4586
22.914 849.3576 12.4585
22.924 849.3576 12.4593
22.934 849.3599 12.4606
22.944 849.3625 12.4606
22.954 849.3625 12.4611
22.964 849.3599 12.4615
22.974 849.3599 12.4603
22.984 849.3594 12.4585
22.994 849.3594 12.4577
23.004 849.3594 12.4587
23.014 849.3611 12.4600
23.024 849.3614 12.4607
23.034 849.3614 12.4595
23.044 849.3714 12.4594
23.054 849.3743 12.4610
23.064 849.3614 12.4604
23.074 849.3546 12.4604
23.084 849.3561 12.4612
23.094 849.3546 12.4595
23.104 849.3546 12.4586
23.114 849.3546 12.4594
23.124 849.3561 12.4610
23.134 849.3631 12.4600
23.144 849.3661 12.4586
23.154 849.3661 12.4607
23.164 849.3661 12.4610
23.174 849.3661 12.4612
23.184 849.3702 12.4624
23.194 849.3610 12.4620
23.204 849.3610 12.4603
23.214 849.3534 12.4598
23.224 849.3534 12.4599
23.234 849.3534 12.4602
23.244 849.3520 12.4619
23.254 849.3545 12.4624
23.264 849.3545 12.4629
23.274 849.3392 12.4627
23.284 849.3378 12.4612
23.294 849.3378 12.4607
23.304 849.3378 12.4604
23.314 849.3475 12.4591
23.324 849.3591 12.4603
23.334 849.3596 12.4618
23.344 849.3639 12.4621
23.354 849.3657 12.4645
23.364 849.3657 12.4631
23.374 849.3639 12.4614
23.384 849.3546 12.4611
23.394 849.3477 12.4607
23.404 849.3451 12.4628
23.414 849.3451 12.4632
23.424 849.3477 12.4624
23.434 849.3451 12.4628
23.444 849.3530 12.4628
23.454 849.3530 12.4629
23.464 849.3486 12.4635
23.474 849.3486 12.4640
23.484 849.3486 12.4635
23.494 849.3486 12.4641
23.504 849.3456 12.4635
23.514 849.3506 12.4620
23.524 849.3527 12.4629
23.534 849.3527 12.4627
23.544 849.3486 12.4615
23.554 849.3509 12.4618
23.564 849.3500 12.4632
23.574 849.3500 12.4642
23.584 849.3500 12.4639
23.594 849.3509 12.4637
23.604 849.3500 12.4633
23.614 849.3439 12.4628
23.624 849.3439 12.4635
23.634 849.3601 12.4627
23.644 849.3603 12.4640
23.654 849.3603 12.4652
23.664 849.3603 12.4645
23.674 849.3579 12.4649
23.684 849.3579 12.4654
23.694 849.3579 12.4650
23.704 849.3579 12.4650
23.714 849.3579 12.4642
23.724 849.3571 12.4639
23.734 849.3506 12.4636
23.744 849.3473 12.4633
23.754 849.3473 12.4642
23.764 849.3473 12.4650
23.774 849.3473 12.4654
23.784 849.3623 12.4641
23.794 849.3623 12.4648
23.804 849.3382 12.4653
23.814 849.3627 12.4648
23.824 849.3379 12.4646
23.834 849.3338 12.4641
23.844 849.3338 12.4637
23.854 849.3382 12.4653
23.864 849.3338 12.4665
23.874 849.3382 12.4657
23.884 849.3482 12.4671
23.894 849.3482 12.4654
23.904 849.3629 12.4639
23.914 849.3629 12.4656
23.924 849.3629 12.4673
23.934 849.3596 12.4677
23.944 849.3513 12.4674
23.954 849.3513 12.4666
23.964 849.3596 12.4667
23.974 849.3363 12.4695
23.984 849.3631 12.4690
23.994 849.3729 12.4681
24.004 849.3631 12.4674
24.014 849.3597 12.4662
24.024 849.3597 12.4658
24.034 849.3578 12.4657
24.044 849.3496 12.4674
24.054 849.3496 12.4677
24.064 849.3536 12.4682
24.074 849.3496 12.4695
24.084 849.3536 12.4695
24.094 849.3554 12.4709
24.104 849.3599 12.4695
24.114 849.3634 12.4667
24.124 849.3634 12.4683
24.134 849.3599 12.4691
24.144 849.3634 12.4674
24.154 849.3611 12.4662
24.164 849.3611 12.4661
24.174 849.3611 12.4673
24.184 849.3611 12.4690
24.194 849.3572 12.4678
24.204 849.3572 12.4661
24.214 849.3501 12.4687
24.224 849.3501 12.4699
24.234 849.3501 12.4687
24.244 849.3501 12.4698
24.254 849.3463 12.4694
24.264 849.3404 12.4684
24.274 849.3463 12.4686
24.284 849.3619 12.4683
24.294 849.3626 12.4690
24.304 849.3626 12.4671
24.314 849.3626 12.4658
24.324 849.3492 12.4694
24.334 849.3377 12.4699
24.344 849.3377 12.4695
24.354 849.3377 12.4700
24.364 849.3371 12.4683
24.374 849.3371 12.4673
24.384 849.3380 12.4675
24.394 849.3380 12.4692
24.404 849.3531 12.4704
24.414 849.3663 12.4704
24.424 849.3663 12.4725
24.434 849.3818 12.4726
24.444 849.3822 12.4715
24.454 849.3818 12.4715
24.464 849.3566 12.4704
24.474 849.3566 12.4696
24.484 849.3560 12.4692
24.494 849.3560 12.4682
24.504 849.3566 12.4692
24.514 849.3780 12.4708
24.524 849.3780 12.4717
24.534 849.3780 12.4741
24.544 849.3756 12.4730
24.554 849.3588 12.4732
24.564 849.3547 12.4734
24.574 849.3485 12.4720
24.584 849.3482 12.4726
24.594 849.3482 12.4741
24.604 849.3482 12.4738
24.614 849.3521 12.4712
24.624 849.3698 12.4704
24.634 849.3698 12.4737
24.644 849.3698 12.4759
24.654 849.3416 12.4745
24.664 849.3416 12.4730
24.674 849.3416 12.4719
24.684 849.3468 12.4712
24.694 849.3488 12.4726
24.704 849.3488 12.4741
24.714 849.3488 12.4729
24.724 849.3488 12.4732
24.734 849.3488 12.4742
24.744 849.3414 12.4730
24.754 849.3414 12.4724
24.764 849.3635 12.4720
24.774 849.3426 12.4717
24.784 849.3426 12.4719
24.794 849.3426 12.4725
24.804 849.3470 12.4729
24.814 849.3470 12.4721
24.824 849.3470 12.4733
24.834 849.3467 12.4743
24.844 849.3476 12.4736
24.854 849.3467 12.4737
24.864 849.3467 12.4732
24.874 849.3476 12.4729
24.884 849.3476 12.4747
24.894 849.3452 12.4759
24.904 849.3643 12.4743
24.914 849.3643 12.4736
24.924 849.3675 12.4758
24.934 849.3678 12.4755
24.944 849.3678 12.4751
24.954 849.3678 12.4775
24.964 849.3440 12.4766
24.974 849.3429 12.4746
24.984 849.3429 12.4740
24.994 849.3429 12.4734
25.004 849.3440 12.4742
25.014 849.3460 12.4755
25.024 849.3572 12.4749
25.034 849.3572 12.4753
25.044 849.3572 12.4767
25.054 849.3572 12.4768
25.064 849.3572 12.4763
25.074 849.3457 12.4762
25.084 849.3457 12.4759
25.094 849.3625 12.4761
25.104 849.3625 12.4775
25.114 849.3376 12.4782
25.124 849.3376 12.4783
25.134 849.3376 12.4770
25.144 849.3310 12.4761
25.154 849.3295 12.4754
25.164 849.3310 12.4742
25.174 849.3597 12.4754
25.184 849.3566 12.4779
25.194 849.3593 12.4787
25.204 849.3593 12.4764
25.214 849.3566 12.4761
25.224 849.3566 12.4787
25.234 849.3572 12.4785
25.244 849.3572 12.4767
25.254 849.3572 12.4768
25.264 849.3572 12.4772
25.274 849.3630 12.4775
25.284 849.3630 12.4783
25.294 849.3536 12.4778
25.304 849.3630 12.4771
25.314 849.3630 12.4766
25.324 849.3502 12.4766
25.334 849.3495 12.4801
25.344 849.3502 12.4800
25.354 849.3495 12.4772
25.364 849.3495 12.4775
25.374 849.3439 12.4779
25.384 849.3379 12.4782
25.394 849.3379 12.4784
25.404 849.3379 12.4795
25.414 849.3405 12.4791
25.424 849.3756 12.4795
25.434 849.3756 12.4812
25.444 849.3617 12.4802
25.454 849.3617 12.4804
25.464 849.3617 12.4808
25.474 849.3583 12.4795
25.484 849.3583 12.4788
25.494 849.3583 12.4780
25.504 849.3583 12.4793
25.514 849.3583 12.4808
25.524 849.3647 12.4793
25.534 849.3665 12.4789
25.544 849.3665 12.4801
25.554 849.3691 12.4813
25.564 849.3691 12.4805
25.574 849.3508 12.4796
25.584 849.3508 12.4810
25.594 849.3508 12.4802
25.604 849.3508 12.4795
25.614 849.3472 12.4805
25.624 849.3668 12.4809
25.634 849.3472 12.4818
25.644 849.3472 12.4816
25.654 849.3472 12.4802
25.664 849.3496 12.4817
25.674 849.3416 12.4833
25.684 849.3491 12.4813
25.694 849.3491 12.4793
25.704 849.3434 12.4795
25.714 849.3382 12.4825
25.724 849.3434 12.4826
25.734 849.3405 12.4808
25.744 849.3405 12.4817
25.754 849.3575 12.4812
25.764 849.3575 12.4817
25.774 849.3611 12.4829
25.784 849.3611 12.4823
25.794 849.3555 12.4808
25.804 849.3555 12.4823
25.814 849.3516 12.4838
25.824 849.3516 12.4823
25.834 849.3516 12.4825
25.844 849.3511 12.4830
25.854 849.3634 12.4827
25.864 849.3634 12.4820
25.874 849.3605 12.4814
25.884 849.3605 12.4822
25.894 849.3605 12.4846
25.904 849.3551 12.4846
25.914 849.3551 12.4844
25.924 849.3512 12.4842
25.934 849.3512 12.4834
25.944 849.3569 12.4835
25.954 849.3631 12.4834
25.964 849.3631 12.4830
25.974 849.3631 12.4835
25.984 849.3569 12.4848
25.994 849.3563 12.4835
26.004 849.3454 12.4837
26.014 849.3454 12.4844
26.024 849.3454 12.4834
26.034 849.3604 12.4830
26.044 849.3604 12.4846
26.054 849.3604 12.4862
26.064 849.3594 12.4846
26.074 849.3568 12.4847
26.084 849.3512 12.4858
26.094 849.3512 12.4852
26.104 849.3594 12.4856
26.114 849.3512 12.4854
26.124 849.3477 12.4858
26.134 849.3477 12.4867
26.144 849.3477 12.4852
26.154 849.3477 12.4848
26.164 849.3527 12.4851
26.174 849.3527 12.4841
26.184 849.3527 12.4843
26.194 849.3556 12.4833
26.204 849.3380 12.4829
26.214 849.3380 12.4848
26.224 849.3535 12.4856
26.234 849.3535 12.4852
26.244 849.3406 12.4863
26.254 849.3535 12.4872
26.264 849.3535 12.4860
26.274 849.3406 12.4865
26.284 849.3483 12.4859
26.294 849.3483 12.4854
26.304 849.3483 12.4855
26.314 849.3423 12.4844
26.324 849.3423 12.4854
26.334 849.3420 12.4868
26.344 849.3423 12.4867
26.354 849.3423 12.4865
26.364 849.3520 12.4894
26.374 849.3536 12.4903
26.384 849.3552 12.4880
26.394 849.3536 12.4880
26.404 849.3520 12.4885
26.414 849.3637 12.4876
26.424 849.3496 12.4890
26.434 849.3496 12.4894
26.444 849.3661 12.4893
26.454 849.3661 12.4893
26.464 849.3609 12.4880
26.474 849.3609 12.4872
26.484 849.3563 12.4872
26.494 849.3508 12.4890
26.504 849.3563 12.4892
26.514 849.3563 12.4892
26.524 849.3581 12.4884
26.534 849.3605 12.4879
26.544 849.3610 12.4900
26.554 849.3609 12.4905
26.564 849.3610 12.4888
26.574 849.3610 12.4872
26.584 849.3609 12.4879
26.594 849.3584 12.4885
26.604 849.3584 12.4885
26.614 849.3481 12.4897
26.624 849.3545 12.4892
26.634 849.3481 12.4886
26.644 849.3545 12.4900
26.654 849.3543 12.4905
26.664 849.3545 12.4897
26.674 849.3610 12.4898
26.684 849.3610 12.4889
26.694 849.3543 12.4886
26.704 849.3452 12.4889
26.714 849.3452 12.4875
26.724 849.3403 12.4894
26.734 849.3403 12.4915
26.744 849.3403 12.4915
26.754 849.3413 12.4903
26.764 849.3413 12.4892
26.774 849.3501 12.4903
26.784 849.3413 12.4922
26.794 849.3680 12.4917
26.804 849.3680 12.4923
26.814 849.3680 12.4936
26.824 849.3462 12.4918
26.834 849.3589 12.4915
26.844 849.3462 12.4928
26.854 849.3589 12.4919
26.864 849.3571 12.4914
26.874 849.3589 12.4918
26.884 849.3571 12.4919
26.894 849.3571 12.4922
26.904 849.3571 12.4930
26.914 849.3653 12.4915
26.924 849.3563 12.4910
26.934 849.3595 12.4924
26.944 849.3595 12.4924
26.954 849.3547 12.4914
26.964 849.3547 12.4909
26.974 849.3424 12.4913
26.984 849.3424 12.4902
26.994 849.3710 12.4917
27.004 849.3710 12.4930
27.014 849.3547 12.4922
27.024 849.3680 12.4926
27.034 849.3547 12.4932
27.044 849.3524 12.4921
27.054 849.3547 12.4921
27.064 849.3617 12.4930
27.074 849.3524 12.4940
27.084 849.3524 12.4940
27.094 849.3617 12.4919
27.104 849.3430 12.4919
27.114 849.3430 12.4923
27.124 849.3556 12.4927
27.134 849.3582 12.4921
27.144 849.3556 12.4936
27.154 849.3556 12.4948
27.164 849.3556 12.4936
27.174 849.3520 12.4938
27.184 849.3520 12.4926
27.194 849.3632 12.4931
27.204 849.3632 12.4955
27.214 849.3594 12.4957
27.224 849.3594 12.4945
27.234 849.3594 12.4945
27.244 849.3420 12.4956
27.254 849.3420 12.4945
27.264 849.3473 12.4931
27.274 849.3509 12.4931
27.284 849.3509 12.4931
27.294 849.3558 12.4943
27.304 849.3587 12.4961
27.314 849.3587 12.4976
27.324 849.3587 12.4966
27.334 849.3587 12.4949
27.344 849.3587 12.4965
27.354 849.3645 12.4976
27.364 849.3645 12.4974
27.374 849.3628 12.4977
27.384 849.3628 12.4957
27.394 849.3540 12.4961
27.404 849.3535 12.4953
27.414 849.3535 12.4938
27.424 849.3535 12.4943
27.434 849.3446 12.4951
27.444 849.3478 12.4955
27.454 849.3478 12.4944
27.464 849.3657 12.4965
27.474 849.3657 12.4986
27.484 849.3683 12.4982
27.494 849.3696 12.4973
27.504 849.3696 12.4969
27.514 849.3696 12.4976
27.524 849.3610 12.4963
27.534 849.3525 12.4976
27.544 849.3377 12.4985
27.554 849.3525 12.4963
27.564 849.3610 12.4973
27.574 849.3525 12.4982
27.584 849.3719 12.4976
27.594 849.3719 12.4963
27.604 849.3516 12.4970
27.614 849.3496 12.4982
27.624 849.3516 12.4965
27.634 849.3496 12.4963
27.644 849.3496 12.4974
27.654 849.3625 12.4970
27.664 849.3640 12.4963
27.674 849.3625 12.4984
27.684 849.3625 12.4994
27.694 849.3601 12.4965
27.704 849.3525 12.4963
27.714 849.3525 12.4973
27.724 849.3525 12.4978
27.734 849.3478 12.4964
27.744 849.3477 12.4957
27.754 849.3478 12.4973
27.764 849.3478 12.4981
27.774 849.3478 12.4985
27.784 849.3592 12.4997
27.794 849.3592 12.4991
27.804 849.3636 12.4984
27.814 849.3592 12.4977
27.824 849.3592 12.4976
27.834 849.3497 12.4990
27.844 849.3497 12.4994
27.854 849.3391 12.4998
27.864 849.3430 12.4987
27.874 849.3430 12.4976
27.884 849.3430 12.4976
27.894 849.3430 12.4977
27.904 849.3458 12.4999
27.914 849.3488 12.5012
27.924 849.3488 12.5011
27.934 849.3488 12.5010
27.944 849.3517 12.5010
27.954 849.3515 12.5020
27.964 849.3517 12.5007
27.974 849.3517 12.4998
27.984 849.3517 12.4998
27.994 849.3640 12.5010
28.004 849.3640 12.5031
28.014 849.3567 12.5033
28.024 849.3567 12.5022
28.034 849.3426 12.5018
28.044 849.3426 12.5018
28.054 849.3426 12.5014
28.064 849.3723 12.5032
28.074 849.3723 12.5046
28.084 849.3723 12.5020
28.094 849.3723 12.5004
28.104 849.3694 12.5023
28.114 849.3582 12.5037
28.124 849.3668 12.5023
28.134 849.3488 12.5002
28.144 849.3488 12.5011
28.154 849.3488 12.5010
28.164 849.3382 12.5004
28.174 849.3382 12.5015
28.184 849.3411 12.5012
28.194 849.3352 12.5007
28.204 849.3411 12.5010
28.214 849.3411 12.5028
28.224 849.3435 12.5033
28.234 849.3520 12.5015
28.244 849.3531 12.5016
28.254 849.3531 12.5029
28.264 849.3561 12.5043
28.274 849.3561 12.5028
28.284 849.3561 12.5011
28.294 849.3540 12.5031
28.304 849.3540 12.5041
28.314 849.3437 12.5035
28.324 849.3442 12.5022
28.334 849.3437 12.5033
28.344 849.3442 12.5037
28.354 849.3442 12.5037
28.364 849.3442 12.5050
28.374 849.3595 12.5032
28.384 849.3595 12.5023
28.394 849.3525 12.5041
28.404 849.3525 12.5049
28.414 849.3675 12.5043
28.424 849.3660 12.5043
28.434 849.3675 12.5046
28.444 849.3675 12.5056
28.454 849.3660 12.5044
28.464 849.3607 12.5039
28.474 849.3563 12.5053
28.484 849.3516 12.5048
28.494 849.3563 12.5052
28.504 849.3574 12.5050
28.514 849.3563 12.5065
28.524 849.3574 12.5065
28.534 849.3681 12.5035
28.544 849.3610 12.5033
28.554 849.3610 12.5052
28.564 849.3678 12.5057
28.574 849.3678 12.5041
28.584 849.3610 12.5048
28.594 849.3598 12.5069
28.604 849.3598 12.5077
28.614 849.3598 12.5060
28.624 849.3548 12.5052
28.634 849.3548 12.5050
28.644 849.3548 12.5053
28.654 849.3548 12.5074
28.664 849.3571 12.5065
28.674 849.3733 12.5064
28.684 849.3733 12.5083
28.694 849.3571 12.5092
28.704 849.3674 12.5078
28.714 849.3588 12.5067
28.724 849.3588 12.5070
28.734 849.3588 12.5079
28.744 849.3588 12.5081
28.754 849.3562 12.5062
28.764 849.3562 12.5067
28.774 849.3562 12.5077
28.784 849.3562 12.5074
28.794 849.3436 12.5064
28.804 849.3436 12.5052
28.814 849.3436 12.5050
28.824 849.3404 12.5043
28.834 849.3436 12.5043
28.844 849.3536 12.5049
28.854 849.3536 12.5049
28.864 849.3354 12.5056
28.874 849.3536 12.5046
28.884 849.3354 12.5029
28.894 849.3354 12.5032
28.904 849.3475 12.5045
28.914 849.3475 12.5044
28.924 849.3387 12.5046
28.934 849.3387 12.5052
28.944 849.3387 12.5036
28.954 849.3387 12.5032
28.964 849.3387 12.5045
28.974 849.3375 12.5046
28.984 849.3375 12.5048
28.994 849.3218 12.5039
29.004 849.3189 12.5027
29.014 849.3189 12.5048
29.024 849.3189 12.5054
29.034 849.3305 12.5061
29.044 849.3305 12.5071
29.054 849.3356 12.5062
29.064 849.3305 12.5060
29.074 849.3138 12.5066
29.084 849.3138 12.5071
29.094 849.3093 12.5061
29.104 849.3093 12.5064
29.114 849.3119 12.5082
29.124 849.3119 12.5083
29.134 849.3064 12.5073
29.144 849.3064 12.5058
29.154 849.2973 12.5053
29.164 849.2973 12.5049
29.174 849.2973 12.5056
29.184 849.2973 12.5083
29.194 849.2954 12.5091
29.204 849.2954 12.5084
29.214 849.2875 12.5081
29.224 849.2875 12.5077
29.234 849.2712 12.5074
29.244 849.2712 12.5086
29.254 849.2859 12.5099
29.264 849.2859 12.5091
29.274 849.2845 12.5102
29.284 849.2845 12.5103
29.294 849.2836 12.5087
29.304 849.2756 12.5099
29.314 849.2836 12.5111
29.324 849.2756 12.5098
29.334 849.2680 12.5092
29.344 849.2680 12.5092
29.354 849.2845 12.5082
29.364 849.2720 12.5095
29.374 849.2720 12.5116
29.384 849.2797 12.5126
29.394 849.2797 12.5128
29.404 849.2797 12.5121
29.414 849.2797 12.5124
29.424 849.2797 12.5117
29.434 849.2859 12.5115
29.444 849.2835 12.5115
29.454 849.2782 12.5117
29.464 849.2711 12.5123
29.474 849.2733 12.5117
29.484 849.2726 12.5115
29.494 849.2726 12.5100
29.504 849.2726 12.5113
29.514 849.2733 12.5116
29.524 849.2726 12.5112
29.534 849.2688 12.5119
29.544 849.2688 12.5107
29.554 849.2773 12.5105
29.564 849.2658 12.5121
29.574 849.2690 12.5126
29.584 849.2773 12.5130
29.594 849.2773 12.5129
29.604 849.2823 12.5117
29.614 849.2823 12.5121
29.624 849.2823 12.5125
29.634 849.2894 12.5130
29.644 849.2819 12.5120
29.654 849.2675 12.5123
29.664 849.2764 12.5140
29.674 849.2764 12.5126
29.684 849.2657 12.5123
29.694 849.2657 12.5138
29.704 849.2715 12.5142
29.714 849.2715 12.5157
29.724 849.2787 12.5149
29.734 849.2787 12.5141
29.744 849.2843 12.5134
29.754 849.2843 12.5121
29.764 849.2843 12.5132
29.774 849.2752 12.5129
29.784 849.2752 12.5133
29.794 849.2752 12.5141
29.804 849.2701 12.5142
29.814 849.2671 12.5133
29.824 849.2693 12.5137
29.834 849.2693 12.5153
29.844 849.2680 12.5138
29.854 849.2693 12.5138
29.864 849.2693 12.5157
29.874 849.2757 12.5151
29.884 849.2757 12.5137
29.894 849.2757 12.5146
29.904 849.2937 12.5151
29.914 849.2695 12.5155
29.924 849.2695 12.5176
29.934 849.2783 12.5174
29.944 849.2783 12.5171
29.954 849.2783 12.5167
29.964 849.2783 12.5150
29.974 849.2809 12.5129
29.984 849.2713 12.5130
29.994 849.2814 12.5149
