%Time [ms]	Commanded Torque [mNm]	Angular Velocity [RPM]	Actual Current [Amp]	%8/25/20221:25 PM
0.000	0.000	0.000	0.000
20.000	10.000	-35.156	-0.008
30.000	10.000	-35.156	-0.008
40.000	10.000	-3.906	-0.020
50.000	10.000	-3.906	-0.020
60.000	10.000	-3.906	-0.020
70.000	10.000	-5.859	-0.014
80.000	10.000	-5.859	-0.014
90.000	10.000	-5.859	-0.014
100.000	10.000	-7.812	-0.018
110.000	10.000	-7.812	-0.018
120.000	10.000	-7.812	-0.018
130.000	10.000	-13.672	-0.025
140.000	10.000	-13.672	-0.025
150.000	10.000	-13.672	-0.025
160.000	10.000	-9.766	-0.009
170.000	10.000	-9.766	-0.009
180.000	10.000	-9.766	-0.009
190.000	10.000	-27.344	-0.004
200.000	10.000	-27.344	-0.004
210.000	10.000	-27.344	-0.004
220.000	10.000	-25.391	-0.019
230.000	10.000	-25.391	-0.019
240.000	10.000	-25.391	-0.019
250.000	10.000	9.766	-0.038
260.000	10.000	9.766	-0.038
270.000	10.000	9.766	-0.038
280.000	10.000	-5.859	-0.002
290.000	10.000	-5.859	-0.002
300.000	10.000	-5.859	-0.002
310.000	10.000	-17.578	-0.002
320.000	10.000	-17.578	-0.002
330.000	10.000	-17.578	-0.002
340.000	10.000	-15.625	-0.030
350.000	10.000	-15.625	-0.030
360.000	10.000	-15.625	-0.030
370.000	10.000	0.000	-0.014
380.000	10.000	0.000	-0.014
390.000	10.000	0.000	-0.014
400.000	10.000	5.859	0.003
410.000	10.000	5.859	0.003
420.000	10.000	5.859	0.003
430.000	10.000	13.672	-0.004
440.000	10.000	13.672	-0.004
450.000	10.000	13.672	-0.004
460.000	10.000	-19.531	-0.027
470.000	10.000	-19.531	-0.027
480.000	10.000	-19.531	-0.027
490.000	10.000	-7.812	-0.006
500.000	10.000	-7.812	-0.006
510.000	10.000	-7.812	-0.006
520.000	10.000	1.953	-0.021
530.000	10.000	1.953	-0.021
540.000	10.000	1.953	-0.021
550.000	10.000	-42.969	-0.029
560.000	10.000	-42.969	-0.029
570.000	10.000	-42.969	-0.029
580.000	10.000	-1.953	-0.004
590.000	10.000	-1.953	-0.004
600.000	10.000	-1.953	-0.004
610.000	10.000	-9.766	-0.018
620.000	10.000	-9.766	-0.018
630.000	10.000	-9.766	-0.018
640.000	10.000	-17.578	-0.043
650.000	10.000	-17.578	-0.043
660.000	10.000	-17.578	-0.043
670.000	10.000	-19.531	-0.013
680.000	10.000	-19.531	-0.013
690.000	10.000	-19.531	-0.013
700.000	10.000	0.000	-0.026
710.000	10.000	0.000	-0.026
720.000	10.000	0.000	-0.026
730.000	10.000	-7.812	-0.010
740.000	10.000	-7.812	-0.010
750.000	10.000	-7.812	-0.010
760.000	10.000	-21.484	-0.019
770.000	10.000	-21.484	-0.019
780.000	10.000	-21.484	-0.019
790.000	10.000	-3.906	-0.005
800.000	10.000	-3.906	-0.005
810.000	10.000	-3.906	-0.005
820.000	10.000	-7.812	-0.012
830.000	10.000	-7.812	-0.012
840.000	10.000	-7.812	-0.012
850.000	10.000	-3.906	-0.002
860.000	10.000	-3.906	-0.002
870.000	10.000	-3.906	-0.002
880.000	10.000	-1.953	-0.012
890.000	10.000	-1.953	-0.012
900.000	10.000	-1.953	-0.012
910.000	10.000	-41.016	-0.021
920.000	10.000	-41.016	-0.021
930.000	10.000	-41.016	-0.021
940.000	10.000	-1.953	-0.015
950.000	10.000	-1.953	-0.015
960.000	10.000	-1.953	-0.015
970.000	10.000	13.672	-0.016
980.000	10.000	13.672	-0.016
990.000	10.000	13.672	-0.016
1000.000	10.000	5.859	-0.011
1010.000	10.000	5.859	-0.011
1020.000	10.000	5.859	-0.011
1030.000	10.000	-25.391	-0.009
1040.000	10.000	-25.391	-0.009
1050.000	10.000	-25.391	-0.009
1060.000	10.000	-41.016	-0.024
1070.000	10.000	-41.016	-0.024
1080.000	10.000	-41.016	-0.024
1090.000	10.000	9.766	0.128
1100.000	10.000	9.766	0.128
1110.000	10.000	9.766	0.128
1120.000	10.000	7.812	0.237
1130.000	10.000	7.812	0.237
1140.000	10.000	7.812	0.237
1150.000	10.000	-5.859	0.258
1160.000	10.000	-5.859	0.258
1170.000	10.000	-5.859	0.258
1180.000	10.000	11.719	0.270
1190.000	10.000	11.719	0.270
1200.000	10.000	11.719	0.270
1210.000	10.000	13.672	0.245
1220.000	10.000	13.672	0.245
1230.000	10.000	13.672	0.245
1240.000	10.000	54.687	0.261
1250.000	10.000	54.687	0.261
1260.000	10.000	54.687	0.261
1270.000	10.000	97.656	0.277
1280.000	10.000	97.656	0.277
1290.000	10.000	97.656	0.277
1300.000	10.000	111.328	0.275
1310.000	10.000	111.328	0.275
1320.000	10.000	111.328	0.275
1330.000	10.000	134.766	0.276
1340.000	10.000	134.766	0.276
1350.000	10.000	134.766	0.276
1360.000	10.000	177.734	0.269
1370.000	10.000	177.734	0.269
1380.000	10.000	177.734	0.269
1390.000	10.000	146.484	0.281
1400.000	10.000	146.484	0.281
1410.000	10.000	146.484	0.281
1420.000	10.000	193.359	0.277
1430.000	10.000	193.359	0.277
1440.000	10.000	193.359	0.277
1450.000	10.000	238.281	0.290
1460.000	10.000	238.281	0.290
1470.000	10.000	238.281	0.290
1480.000	10.000	251.953	0.284
1490.000	10.000	251.953	0.284
1500.000	10.000	251.953	0.284
1510.000	10.000	285.156	0.266
1520.000	10.000	285.156	0.266
1530.000	10.000	285.156	0.266
1540.000	10.000	289.062	0.281
1550.000	10.000	289.062	0.281
1560.000	10.000	289.062	0.281
1570.000	10.000	322.266	0.270
1580.000	10.000	322.266	0.270
1590.000	10.000	322.266	0.270
1600.000	10.000	302.734	0.267
1610.000	10.000	302.734	0.267
1620.000	10.000	302.734	0.267
1630.000	10.000	322.266	0.266
1640.000	10.000	322.266	0.266
1650.000	10.000	322.266	0.266
1660.000	10.000	357.422	0.289
1670.000	10.000	357.422	0.289
1680.000	10.000	357.422	0.289
1690.000	10.000	361.328	0.299
1700.000	10.000	361.328	0.299
1710.000	10.000	361.328	0.299
1720.000	10.000	380.859	0.269
1730.000	10.000	380.859	0.269
1740.000	10.000	380.859	0.269
1750.000	10.000	404.297	0.270
1760.000	10.000	404.297	0.270
1770.000	10.000	404.297	0.270
1780.000	10.000	441.406	0.272
1790.000	10.000	441.406	0.272
1800.000	10.000	441.406	0.272
1810.000	10.000	468.750	0.280
1820.000	10.000	468.750	0.280
1830.000	10.000	468.750	0.280
1840.000	10.000	470.703	0.267
1850.000	10.000	470.703	0.267
1860.000	10.000	470.703	0.267
1870.000	10.000	498.047	0.289
1880.000	10.000	498.047	0.289
1890.000	10.000	498.047	0.289
1900.000	10.000	505.859	0.264
1910.000	10.000	505.859	0.264
1920.000	10.000	505.859	0.264
1930.000	10.000	523.437	0.265
1940.000	10.000	523.437	0.265
1950.000	10.000	523.437	0.265
1960.000	10.000	548.828	0.285
1970.000	10.000	548.828	0.285
1980.000	10.000	548.828	0.285
1990.000	10.000	560.547	0.288
2000.000	10.000	560.547	0.288
2010.000	10.000	560.547	0.288
2020.000	10.000	583.984	0.272
2030.000	10.000	583.984	0.272
2040.000	10.000	583.984	0.272
2050.000	10.000	605.469	0.281
2060.000	10.000	605.469	0.281
2070.000	10.000	605.469	0.281
2080.000	10.000	603.516	0.283
2090.000	10.000	603.516	0.283
2100.000	10.000	603.516	0.283
2110.000	10.000	640.625	0.282
2120.000	10.000	640.625	0.282
2130.000	10.000	640.625	0.282
2140.000	10.000	621.094	0.271
2150.000	10.000	621.094	0.271
2160.000	10.000	621.094	0.271
2170.000	10.000	636.719	0.259
2180.000	10.000	636.719	0.259
2190.000	10.000	636.719	0.259
2200.000	10.000	675.781	0.273
2210.000	10.000	675.781	0.273
2220.000	10.000	675.781	0.273
2230.000	10.000	677.734	0.288
2240.000	10.000	677.734	0.288
2250.000	10.000	677.734	0.288
2260.000	10.000	718.750	0.285
2270.000	10.000	718.750	0.285
2280.000	10.000	718.750	0.285
2290.000	10.000	748.047	0.290
2300.000	10.000	748.047	0.290
2310.000	10.000	748.047	0.290
2320.000	10.000	759.766	0.282
2330.000	10.000	759.766	0.282
2340.000	10.000	759.766	0.282
2350.000	10.000	775.391	0.267
2360.000	10.000	775.391	0.267
2370.000	10.000	775.391	0.267
2380.000	10.000	783.203	0.267
2390.000	10.000	783.203	0.267
2400.000	10.000	783.203	0.267
2410.000	10.000	787.109	0.289
2420.000	10.000	787.109	0.289
2430.000	10.000	787.109	0.289
2440.000	10.000	808.594	0.260
2450.000	10.000	808.594	0.260
2460.000	10.000	808.594	0.260
2470.000	10.000	867.187	0.276
2480.000	10.000	867.187	0.276
2490.000	10.000	867.187	0.276
2500.000	10.000	880.859	0.285
2510.000	10.000	880.859	0.285
2520.000	10.000	880.859	0.285
2530.000	10.000	882.812	0.285
2540.000	10.000	882.812	0.285
2550.000	10.000	882.812	0.285
2560.000	10.000	882.812	0.265
2570.000	10.000	882.812	0.265
2580.000	10.000	882.812	0.265
2590.000	10.000	925.781	0.287
2600.000	10.000	925.781	0.287
2610.000	10.000	925.781	0.287
2620.000	10.000	923.828	0.278
2630.000	10.000	923.828	0.278
2640.000	10.000	923.828	0.278
2650.000	10.000	953.125	0.268
2660.000	10.000	953.125	0.268
2670.000	10.000	953.125	0.268
2680.000	10.000	980.469	0.288
2690.000	10.000	980.469	0.288
2700.000	10.000	980.469	0.288
2710.000	10.000	976.562	0.266
2720.000	10.000	976.562	0.266
2730.000	10.000	976.562	0.266
2740.000	10.000	1011.719	0.287
2750.000	10.000	1011.719	0.287
2760.000	10.000	1011.719	0.287
2770.000	10.000	1019.531	0.294
2780.000	10.000	1019.531	0.294
2790.000	10.000	1019.531	0.294
2800.000	10.000	1041.016	0.271
2810.000	10.000	1041.016	0.271
2820.000	10.000	1041.016	0.271
2830.000	10.000	1039.062	0.257
2840.000	10.000	1039.062	0.257
2850.000	10.000	1039.062	0.257
2860.000	10.000	1082.031	0.290
2870.000	10.000	1082.031	0.290
2880.000	10.000	1082.031	0.290
2890.000	10.000	1093.750	0.286
2900.000	10.000	1093.750	0.286
2910.000	10.000	1093.750	0.286
2920.000	10.000	1082.031	0.274
2930.000	10.000	1082.031	0.274
2940.000	10.000	1082.031	0.274
2950.000	10.000	1105.469	0.271
2960.000	10.000	1105.469	0.271
2970.000	10.000	1105.469	0.271
2980.000	10.000	1089.844	0.283
2990.000	10.000	1089.844	0.283
3000.000	10.000	1089.844	0.283
3010.000	10.000	1146.484	0.272
3020.000	10.000	1146.484	0.272
3030.000	10.000	1146.484	0.272
3040.000	10.000	1152.344	0.280
3050.000	10.000	1152.344	0.280
3060.000	10.000	1152.344	0.280
3070.000	10.000	1160.156	0.299
3080.000	10.000	1160.156	0.299
3090.000	10.000	1160.156	0.299
3100.000	10.000	1167.969	0.287
3110.000	10.000	1167.969	0.287
3120.000	10.000	1167.969	0.287
3130.000	10.000	1189.453	0.265
3140.000	10.000	1189.453	0.265
3150.000	10.000	1189.453	0.265
3160.000	10.000	1181.641	0.281
3170.000	10.000	1181.641	0.281
3180.000	10.000	1181.641	0.281
3190.000	10.000	1232.422	0.287
3200.000	10.000	1232.422	0.287
3210.000	10.000	1232.422	0.287
3220.000	10.000	1253.906	0.274
3230.000	10.000	1253.906	0.274
3240.000	10.000	1253.906	0.274
3250.000	10.000	1296.875	0.293
3260.000	10.000	1296.875	0.293
3270.000	10.000	1296.875	0.293
3280.000	10.000	1302.734	0.278
3290.000	10.000	1302.734	0.278
3300.000	10.000	1302.734	0.278
3310.000	10.000	1312.500	0.281
3320.000	10.000	1312.500	0.281
3330.000	10.000	1312.500	0.281
3340.000	10.000	1347.656	0.297
3350.000	10.000	1347.656	0.297
3360.000	10.000	1347.656	0.297
3370.000	10.000	1304.687	0.266
3380.000	10.000	1304.687	0.266
3390.000	10.000	1304.687	0.266
3400.000	10.000	1371.094	0.290
3410.000	10.000	1371.094	0.290
3420.000	10.000	1371.094	0.290
3430.000	10.000	1388.672	0.276
3440.000	10.000	1388.672	0.276
3450.000	10.000	1388.672	0.276
3460.000	10.000	1361.328	0.283
3470.000	10.000	1361.328	0.283
3480.000	10.000	1361.328	0.283
3490.000	10.000	1410.156	0.268
3500.000	10.000	1410.156	0.268
3510.000	10.000	1410.156	0.268
3520.000	10.000	1375.000	0.252
3530.000	10.000	1375.000	0.252
3540.000	10.000	1375.000	0.252
3550.000	10.000	1425.781	0.279
3560.000	10.000	1425.781	0.279
3570.000	10.000	1425.781	0.279
3580.000	10.000	1423.828	0.265
3590.000	10.000	1423.828	0.265
3600.000	10.000	1423.828	0.265
3610.000	10.000	1488.281	0.277
3620.000	10.000	1488.281	0.277
3630.000	10.000	1488.281	0.277
3640.000	10.000	1484.375	0.285
3650.000	10.000	1484.375	0.285
3660.000	10.000	1484.375	0.285
3670.000	10.000	1462.891	0.263
3680.000	10.000	1462.891	0.263
3690.000	10.000	1462.891	0.263
3700.000	10.000	1496.094	0.265
3710.000	10.000	1496.094	0.265
3720.000	10.000	1496.094	0.265
3730.000	10.000	1541.016	0.295
3740.000	10.000	1541.016	0.295
3750.000	10.000	1541.016	0.295
3760.000	10.000	1546.875	0.281
3770.000	10.000	1546.875	0.281
3780.000	10.000	1546.875	0.281
3790.000	10.000	1568.359	0.277
3800.000	10.000	1568.359	0.277
3810.000	10.000	1568.359	0.277
3820.000	10.000	1564.453	0.274
3830.000	10.000	1564.453	0.274
3840.000	10.000	1564.453	0.274
3850.000	10.000	1595.703	0.282
3860.000	10.000	1595.703	0.282
3870.000	10.000	1595.703	0.282
3880.000	10.000	1611.328	0.296
3890.000	10.000	1611.328	0.296
3900.000	10.000	1611.328	0.296
3910.000	10.000	1634.766	0.272
3920.000	10.000	1634.766	0.272
3930.000	10.000	1634.766	0.272
3940.000	10.000	1648.437	0.273
3950.000	10.000	1648.437	0.273
3960.000	10.000	1648.437	0.273
3970.000	10.000	1650.391	0.284
3980.000	10.000	1650.391	0.284
3990.000	10.000	1650.391	0.284
4000.000	10.000	1658.203	0.269
4010.000	10.000	1658.203	0.269
4020.000	10.000	1658.203	0.269
4030.000	10.000	1679.687	0.258
4040.000	10.000	1679.687	0.258
4050.000	10.000	1679.687	0.258
4060.000	10.000	1691.406	0.278
4070.000	10.000	1691.406	0.278
4080.000	10.000	1691.406	0.278
4090.000	10.000	1687.500	0.264
4100.000	10.000	1687.500	0.264
4110.000	10.000	1687.500	0.264
4120.000	10.000	1718.750	0.268
4130.000	10.000	1718.750	0.268
4140.000	10.000	1718.750	0.268
4150.000	10.000	1720.703	0.271
4160.000	10.000	1720.703	0.271
4170.000	10.000	1720.703	0.271
4180.000	10.000	1714.844	0.250
4190.000	10.000	1714.844	0.250
4200.000	10.000	1714.844	0.250
4210.000	10.000	1798.828	0.278
4220.000	10.000	1798.828	0.278
4230.000	10.000	1798.828	0.278
4240.000	10.000	1755.859	0.279
4250.000	10.000	1755.859	0.279
4260.000	10.000	1755.859	0.279
4270.000	10.000	1798.828	0.274
4280.000	10.000	1798.828	0.274
4290.000	10.000	1798.828	0.274
4300.000	10.000	1794.922	0.263
4310.000	10.000	1794.922	0.263
4320.000	10.000	1794.922	0.263
4330.000	10.000	1853.516	0.285
4340.000	10.000	1853.516	0.285
4350.000	10.000	1853.516	0.285
4360.000	10.000	1845.703	0.266
4370.000	10.000	1845.703	0.266
4380.000	10.000	1845.703	0.266
4390.000	10.000	1853.516	0.269
4400.000	10.000	1853.516	0.269
4410.000	10.000	1853.516	0.269
4420.000	10.000	1841.797	0.288
4430.000	10.000	1841.797	0.288
4440.000	10.000	1841.797	0.288
4450.000	10.000	1863.281	0.260
4460.000	10.000	1863.281	0.260
4470.000	10.000	1863.281	0.260
4480.000	10.000	1896.484	0.249
4490.000	10.000	1896.484	0.249
4500.000	10.000	1896.484	0.249
4510.000	10.000	1906.250	0.262
4520.000	10.000	1906.250	0.262
4530.000	10.000	1906.250	0.262
4540.000	10.000	1919.922	0.266
4550.000	10.000	1919.922	0.266
4560.000	10.000	1919.922	0.266
4570.000	10.000	1953.125	0.298
4580.000	10.000	1953.125	0.298
4590.000	10.000	1953.125	0.298
4600.000	10.000	1972.656	0.273
4610.000	10.000	1972.656	0.273
4620.000	10.000	1972.656	0.273
4630.000	10.000	1996.094	0.277
4640.000	10.000	1996.094	0.277
4650.000	10.000	1996.094	0.277
4660.000	10.000	2003.906	0.284
4670.000	10.000	2003.906	0.284
4680.000	10.000	2003.906	0.284
4690.000	10.000	2017.578	0.255
4700.000	10.000	2017.578	0.255
4710.000	10.000	2017.578	0.255
4720.000	10.000	2003.906	0.247
4730.000	10.000	2003.906	0.247
4740.000	10.000	2003.906	0.247
4750.000	10.000	1990.234	0.285
4760.000	10.000	1990.234	0.285
4770.000	10.000	1990.234	0.285
4780.000	10.000	2054.687	0.263
4790.000	10.000	2054.687	0.263
4800.000	10.000	2054.687	0.263
4810.000	10.000	2048.828	0.272
4820.000	10.000	2048.828	0.272
4830.000	10.000	2048.828	0.272
4840.000	10.000	2027.344	0.255
4850.000	10.000	2027.344	0.255
4860.000	10.000	2027.344	0.255
4870.000	10.000	2076.172	0.279
4880.000	10.000	2076.172	0.279
4890.000	10.000	2076.172	0.279
4900.000	10.000	2058.594	0.264
4910.000	10.000	2058.594	0.264
4920.000	10.000	2058.594	0.264
4930.000	10.000	2095.703	0.267
4940.000	10.000	2095.703	0.267
4950.000	10.000	2095.703	0.267
4960.000	10.000	2126.953	0.286
4970.000	10.000	2126.953	0.286
4980.000	10.000	2126.953	0.286
4990.000	10.000	2148.437	0.273
5000.000	10.000	2148.437	0.273
5010.000	10.000	2148.437	0.273
5020.000	10.000	2154.297	0.258
5030.000	10.000	2154.297	0.258
5040.000	10.000	2154.297	0.258
5050.000	10.000	2140.625	0.266
5060.000	10.000	2140.625	0.266
5070.000	10.000	2140.625	0.266
5080.000	10.000	2162.109	0.269
5090.000	10.000	2162.109	0.269
5100.000	10.000	2162.109	0.269
5110.000	10.000	2205.078	0.283
5120.000	10.000	2205.078	0.283
5130.000	10.000	2205.078	0.283
5140.000	10.000	2226.562	0.301
5150.000	10.000	2226.562	0.301
5160.000	10.000	2226.562	0.301
5170.000	10.000	2244.141	0.292
5180.000	10.000	2244.141	0.292
5190.000	10.000	2244.141	0.292
5200.000	10.000	2232.422	0.283
5210.000	10.000	2232.422	0.283
5220.000	10.000	2232.422	0.283
5230.000	10.000	2222.656	0.289
5240.000	10.000	2222.656	0.289
5250.000	10.000	2222.656	0.289
5260.000	10.000	2261.719	0.273
5270.000	10.000	2261.719	0.273
5280.000	10.000	2261.719	0.273
5290.000	10.000	2273.437	0.271
5300.000	10.000	2273.437	0.271
5310.000	10.000	2273.437	0.271
5320.000	10.000	2302.734	0.291
5330.000	10.000	2302.734	0.291
5340.000	10.000	2302.734	0.291
5350.000	10.000	2318.359	0.271
5360.000	10.000	2318.359	0.271
5370.000	10.000	2318.359	0.271
5380.000	10.000	2320.312	0.261
5390.000	10.000	2320.312	0.261
5400.000	10.000	2320.312	0.261
5410.000	10.000	2298.828	0.258
5420.000	10.000	2298.828	0.258
5430.000	10.000	2298.828	0.258
5440.000	10.000	2341.797	0.280
5450.000	10.000	2341.797	0.280
5460.000	10.000	2341.797	0.280
5470.000	10.000	2345.703	0.280
5480.000	10.000	2345.703	0.280
5490.000	10.000	2345.703	0.280
5500.000	10.000	2335.937	0.288
5510.000	10.000	2335.937	0.288
5520.000	10.000	2335.937	0.288
5530.000	10.000	2337.891	0.281
5540.000	10.000	2337.891	0.281
5550.000	10.000	2337.891	0.281
5560.000	10.000	2382.812	0.277
5570.000	10.000	2382.812	0.277
5580.000	10.000	2382.812	0.277
5590.000	10.000	2384.766	0.265
5600.000	10.000	2384.766	0.265
5610.000	10.000	2384.766	0.265
5620.000	10.000	2437.500	0.281
5630.000	10.000	2437.500	0.281
5640.000	10.000	2437.500	0.281
5650.000	10.000	2427.734	0.288
5660.000	10.000	2427.734	0.288
5670.000	10.000	2427.734	0.288
5680.000	10.000	2425.781	0.270
5690.000	10.000	2425.781	0.270
5700.000	10.000	2425.781	0.270
5710.000	10.000	2457.031	0.253
5720.000	10.000	2457.031	0.253
5730.000	10.000	2457.031	0.253
5740.000	10.000	2445.312	0.270
5750.000	10.000	2445.312	0.270
5760.000	10.000	2445.312	0.270
5770.000	10.000	2474.609	0.268
5780.000	10.000	2474.609	0.268
5790.000	10.000	2474.609	0.268
5800.000	10.000	2455.078	0.233
5810.000	10.000	2455.078	0.233
5820.000	10.000	2455.078	0.233
5830.000	10.000	2486.328	0.271
5840.000	10.000	2486.328	0.271
5850.000	10.000	2486.328	0.271
5860.000	10.000	2509.766	0.265
5870.000	10.000	2509.766	0.265
5880.000	10.000	2509.766	0.265
5890.000	10.000	2500.000	0.238
5900.000	10.000	2500.000	0.238
5910.000	10.000	2500.000	0.238
5920.000	10.000	2509.766	0.262
5930.000	10.000	2509.766	0.262
5940.000	10.000	2509.766	0.262
5950.000	10.000	2517.578	0.266
5960.000	10.000	2517.578	0.266
5970.000	10.000	2517.578	0.266
5980.000	10.000	2572.266	0.284
5990.000	10.000	2572.266	0.284
6000.000	10.000	2572.266	0.284
6010.000	10.000	2585.937	0.285
6020.000	10.000	2585.937	0.285
6030.000	10.000	2585.937	0.285
6040.000	10.000	2615.234	0.271
6050.000	10.000	2615.234	0.271
6060.000	10.000	2615.234	0.271
6070.000	10.000	2574.219	0.259
6080.000	10.000	2574.219	0.259
6090.000	10.000	2574.219	0.259
6100.000	10.000	2607.422	0.111
6110.000	10.000	2607.422	0.111
6120.000	10.000	2607.422	0.111
6130.000	10.000	2589.844	0.028
6140.000	10.000	2589.844	0.028
6150.000	10.000	2589.844	0.028
6160.000	10.000	2582.031	-0.021
6170.000	10.000	2582.031	-0.021
6180.000	10.000	2582.031	-0.021
6190.000	10.000	2607.422	0.000
6200.000	10.000	2607.422	0.000
6210.000	10.000	2607.422	0.000
6220.000	10.000	2570.312	-0.014
6230.000	10.000	2570.312	-0.014
6240.000	10.000	2570.312	-0.014
6250.000	10.000	2585.937	-0.021
6260.000	10.000	2585.937	-0.021
6270.000	10.000	2585.937	-0.021
6280.000	10.000	2554.687	-0.012
6290.000	10.000	2554.687	-0.012
6300.000	10.000	2554.687	-0.012
6310.000	10.000	2539.062	-0.017
6320.000	10.000	2539.062	-0.017
6330.000	10.000	2539.062	-0.017
6340.000	10.000	2517.578	-0.032
6350.000	10.000	2517.578	-0.032
6360.000	10.000	2517.578	-0.032
6370.000	10.000	2500.000	-0.029
6380.000	10.000	2500.000	-0.029
6390.000	10.000	2500.000	-0.029
6400.000	10.000	2464.844	-0.027
6410.000	10.000	2464.844	-0.027
6420.000	10.000	2464.844	-0.027
6430.000	10.000	2480.469	-0.013
6440.000	10.000	2480.469	-0.013
6450.000	10.000	2480.469	-0.013
6460.000	10.000	2441.406	-0.024
6470.000	10.000	2441.406	-0.024
6480.000	10.000	2441.406	-0.024
6490.000	10.000	2431.641	-0.016
6500.000	10.000	2431.641	-0.016
6510.000	10.000	2431.641	-0.016
6520.000	10.000	2429.687	-0.020
6530.000	10.000	2429.687	-0.020
6540.000	10.000	2429.687	-0.020
6550.000	10.000	2410.156	-0.009
6560.000	10.000	2410.156	-0.009
6570.000	10.000	2410.156	-0.009
6580.000	10.000	2371.094	0.002
6590.000	10.000	2371.094	0.002
6600.000	10.000	2371.094	0.002
6610.000	10.000	2400.391	-0.011
6620.000	10.000	2400.391	-0.011
6630.000	10.000	2400.391	-0.011
6640.000	10.000	2371.094	-0.030
6650.000	10.000	2371.094	-0.030
6660.000	10.000	2371.094	-0.030
6670.000	10.000	2353.516	-0.011
6680.000	10.000	2353.516	-0.011
6690.000	10.000	2353.516	-0.011
6700.000	10.000	2345.703	-0.014
6710.000	10.000	2345.703	-0.014
6720.000	10.000	2345.703	-0.014
6730.000	10.000	2333.984	-0.024
6740.000	10.000	2333.984	-0.024
6750.000	10.000	2333.984	-0.024
6760.000	10.000	2337.891	-0.031
6770.000	10.000	2337.891	-0.031
6780.000	10.000	2337.891	-0.031
6790.000	10.000	2316.406	-0.016
6800.000	10.000	2316.406	-0.016
6810.000	10.000	2316.406	-0.016
6820.000	10.000	2310.547	-0.018
6830.000	10.000	2310.547	-0.018
6840.000	10.000	2310.547	-0.018
6850.000	10.000	2312.500	-0.024
6860.000	10.000	2312.500	-0.024
6870.000	10.000	2312.500	-0.024
6880.000	10.000	2275.391	-0.017
6890.000	10.000	2275.391	-0.017
6900.000	10.000	2275.391	-0.017
6910.000	10.000	2275.391	-0.005
6920.000	10.000	2275.391	-0.005
6930.000	10.000	2275.391	-0.005
6940.000	10.000	2263.672	-0.013
6950.000	10.000	2263.672	-0.013
6960.000	10.000	2263.672	-0.013
6970.000	10.000	2234.375	-0.023
6980.000	10.000	2234.375	-0.023
6990.000	10.000	2234.375	-0.023
7000.000	10.000	2199.219	-0.013
7010.000	10.000	2199.219	-0.013
7020.000	10.000	2199.219	-0.013