%Time [ms]	Commanded Torque [mNm]	Angular Velocity [RPM]	Actual Current [Amp]	%8/25/20221:22 PM
0.000	0.000	0.000	0.000
20.000	5.000	-1.953	-0.042
30.000	5.000	1.953	-0.028
40.000	5.000	1.953	-0.028
50.000	5.000	1.953	-0.028
60.000	5.000	-25.391	-0.008
70.000	5.000	-25.391	-0.008
80.000	5.000	-25.391	-0.008
90.000	5.000	3.906	-0.021
100.000	5.000	3.906	-0.021
110.000	5.000	3.906	-0.021
120.000	5.000	3.906	-0.024
130.000	5.000	3.906	-0.024
140.000	5.000	3.906	-0.024
150.000	5.000	3.906	-0.018
160.000	5.000	3.906	-0.018
170.000	5.000	3.906	-0.018
180.000	5.000	-25.391	-0.016
190.000	5.000	-25.391	-0.016
200.000	5.000	-25.391	-0.016
210.000	5.000	1.953	-0.022
220.000	5.000	1.953	-0.022
230.000	5.000	1.953	-0.022
240.000	5.000	0.000	-0.024
250.000	5.000	0.000	-0.024
260.000	5.000	0.000	-0.024
270.000	5.000	-41.016	-0.023
280.000	5.000	-41.016	-0.023
290.000	5.000	-41.016	-0.023
300.000	5.000	3.906	-0.019
310.000	5.000	3.906	-0.019
320.000	5.000	3.906	-0.019
330.000	5.000	-13.672	-0.007
340.000	5.000	-13.672	-0.007
350.000	5.000	-13.672	-0.007
360.000	5.000	-25.391	-0.043
370.000	5.000	-25.391	-0.043
380.000	5.000	-25.391	-0.043
390.000	5.000	-35.156	-0.009
400.000	5.000	-35.156	-0.009
410.000	5.000	-35.156	-0.009
420.000	5.000	-33.203	-0.038
430.000	5.000	-33.203	-0.038
440.000	5.000	-33.203	-0.038
450.000	5.000	-42.969	-0.030
460.000	5.000	-42.969	-0.030
470.000	5.000	-42.969	-0.030
480.000	5.000	-48.828	-0.028
490.000	5.000	-48.828	-0.028
500.000	5.000	-48.828	-0.028
510.000	5.000	0.000	-0.012
520.000	5.000	0.000	-0.012
530.000	5.000	0.000	-0.012
540.000	5.000	-13.672	-0.039
550.000	5.000	-13.672	-0.039
560.000	5.000	-13.672	-0.039
570.000	5.000	-48.828	-0.032
580.000	5.000	-48.828	-0.032
590.000	5.000	-48.828	-0.032
600.000	5.000	-1.953	-0.018
610.000	5.000	-1.953	-0.018
620.000	5.000	-1.953	-0.018
630.000	5.000	-41.016	-0.040
640.000	5.000	-41.016	-0.040
650.000	5.000	-41.016	-0.040
660.000	5.000	-39.062	-0.021
670.000	5.000	-39.062	-0.021
680.000	5.000	-39.062	-0.021
690.000	5.000	-3.906	-0.006
700.000	5.000	-3.906	-0.006
710.000	5.000	-3.906	-0.006
720.000	5.000	-17.578	-0.012
730.000	5.000	-17.578	-0.012
740.000	5.000	-17.578	-0.012
750.000	5.000	-5.859	-0.007
760.000	5.000	-5.859	-0.007
770.000	5.000	-5.859	-0.007
780.000	5.000	-29.297	-0.032
790.000	5.000	-29.297	-0.032
800.000	5.000	-29.297	-0.032
810.000	5.000	-19.531	-0.010
820.000	5.000	-19.531	-0.010
830.000	5.000	-19.531	-0.010
840.000	5.000	-31.250	-0.030
850.000	5.000	-31.250	-0.030
860.000	5.000	-31.250	-0.030
870.000	5.000	-9.766	0.000
880.000	5.000	-9.766	0.000
890.000	5.000	-9.766	0.000
900.000	5.000	-27.344	-0.008
910.000	5.000	-27.344	-0.008
920.000	5.000	-27.344	-0.008
930.000	5.000	-11.719	-0.036
940.000	5.000	-11.719	-0.036
950.000	5.000	-11.719	-0.036
960.000	5.000	-42.969	-0.011
970.000	5.000	-42.969	-0.011
980.000	5.000	-42.969	-0.011
990.000	5.000	5.859	-0.022
1000.000	5.000	5.859	-0.022
1010.000	5.000	5.859	-0.022
1020.000	5.000	13.672	-0.007
1030.000	5.000	13.672	-0.007
1040.000	5.000	13.672	-0.007
1050.000	5.000	3.906	-0.016
1060.000	5.000	3.906	-0.016
1070.000	5.000	3.906	-0.016
1080.000	5.000	13.672	-0.003
1090.000	5.000	13.672	-0.003
1100.000	5.000	13.672	-0.003
1110.000	5.000	9.766	0.066
1120.000	5.000	9.766	0.066
1130.000	5.000	9.766	0.066
1140.000	5.000	-31.250	0.109
1150.000	5.000	-31.250	0.109
1160.000	5.000	-31.250	0.109
1170.000	5.000	-29.297	0.120
1180.000	5.000	-29.297	0.120
1190.000	5.000	-29.297	0.120
1200.000	5.000	15.625	0.137
1210.000	5.000	15.625	0.137
1220.000	5.000	15.625	0.137
1230.000	5.000	-46.875	0.129
1240.000	5.000	-46.875	0.129
1250.000	5.000	-46.875	0.129
1260.000	5.000	3.906	0.143
1270.000	5.000	3.906	0.143
1280.000	5.000	3.906	0.143
1290.000	5.000	15.625	0.147
1300.000	5.000	15.625	0.147
1310.000	5.000	15.625	0.147
1320.000	5.000	23.437	0.152
1330.000	5.000	23.437	0.152
1340.000	5.000	23.437	0.152
1350.000	5.000	46.875	0.147
1360.000	5.000	46.875	0.147
1370.000	5.000	46.875	0.147
1380.000	5.000	72.266	0.154
1390.000	5.000	72.266	0.154
1400.000	5.000	72.266	0.154
1410.000	5.000	33.203	0.131
1420.000	5.000	33.203	0.131
1430.000	5.000	33.203	0.131
1440.000	5.000	50.781	0.149
1450.000	5.000	50.781	0.149
1460.000	5.000	50.781	0.149
1470.000	5.000	72.266	0.142
1480.000	5.000	72.266	0.142
1490.000	5.000	72.266	0.142
1500.000	5.000	99.609	0.148
1510.000	5.000	99.609	0.148
1520.000	5.000	99.609	0.148
1530.000	5.000	101.562	0.162
1540.000	5.000	101.562	0.162
1550.000	5.000	101.562	0.162
1560.000	5.000	95.703	0.143
1570.000	5.000	95.703	0.143
1580.000	5.000	95.703	0.143
1590.000	5.000	113.281	0.144
1600.000	5.000	113.281	0.144
1610.000	5.000	113.281	0.144
1620.000	5.000	99.609	0.140
1630.000	5.000	99.609	0.140
1640.000	5.000	99.609	0.140
1650.000	5.000	119.141	0.150
1660.000	5.000	119.141	0.150
1670.000	5.000	119.141	0.150
1680.000	5.000	132.812	0.151
1690.000	5.000	132.812	0.151
1700.000	5.000	132.812	0.151
1710.000	5.000	113.281	0.135
1720.000	5.000	113.281	0.135
1730.000	5.000	113.281	0.135
1740.000	5.000	138.672	0.138
1750.000	5.000	138.672	0.138
1760.000	5.000	138.672	0.138
1770.000	5.000	156.250	0.147
1780.000	5.000	156.250	0.147
1790.000	5.000	156.250	0.147
1800.000	5.000	160.156	0.148
1810.000	5.000	160.156	0.148
1820.000	5.000	160.156	0.148
1830.000	5.000	166.016	0.152
1840.000	5.000	166.016	0.152
1850.000	5.000	166.016	0.152
1860.000	5.000	183.594	0.142
1870.000	5.000	183.594	0.142
1880.000	5.000	183.594	0.142
1890.000	5.000	185.547	0.146
1900.000	5.000	185.547	0.146
1910.000	5.000	185.547	0.146
1920.000	5.000	179.687	0.149
1930.000	5.000	179.687	0.149
1940.000	5.000	179.687	0.149
1950.000	5.000	177.734	0.135
1960.000	5.000	177.734	0.135
1970.000	5.000	177.734	0.135
1980.000	5.000	181.641	0.128
1990.000	5.000	181.641	0.128
2000.000	5.000	181.641	0.128
2010.000	5.000	228.516	0.131
2020.000	5.000	228.516	0.131
2030.000	5.000	228.516	0.131
2040.000	5.000	214.844	0.148
2050.000	5.000	214.844	0.148
2060.000	5.000	214.844	0.148
2070.000	5.000	201.172	0.128
2080.000	5.000	201.172	0.128
2090.000	5.000	201.172	0.128
2100.000	5.000	199.219	0.156
2110.000	5.000	199.219	0.156
2120.000	5.000	199.219	0.156
2130.000	5.000	230.469	0.133
2140.000	5.000	230.469	0.133
2150.000	5.000	230.469	0.133
2160.000	5.000	250.000	0.139
2170.000	5.000	250.000	0.139
2180.000	5.000	250.000	0.139
2190.000	5.000	244.141	0.160
2200.000	5.000	244.141	0.160
2210.000	5.000	244.141	0.160
2220.000	5.000	275.391	0.153
2230.000	5.000	275.391	0.153
2240.000	5.000	275.391	0.153
2250.000	5.000	261.719	0.136
2260.000	5.000	261.719	0.136
2270.000	5.000	261.719	0.136
2280.000	5.000	265.625	0.141
2290.000	5.000	265.625	0.141
2300.000	5.000	265.625	0.141
2310.000	5.000	251.953	0.113
2320.000	5.000	251.953	0.113
2330.000	5.000	251.953	0.113
2340.000	5.000	291.016	0.152
2350.000	5.000	291.016	0.152
2360.000	5.000	291.016	0.152
2370.000	5.000	312.500	0.140
2380.000	5.000	312.500	0.140
2390.000	5.000	312.500	0.140
2400.000	5.000	273.437	0.153
2410.000	5.000	273.437	0.153
2420.000	5.000	273.437	0.153
2430.000	5.000	337.891	0.118
2440.000	5.000	337.891	0.118
2450.000	5.000	337.891	0.118
2460.000	5.000	322.266	0.150
2470.000	5.000	322.266	0.150
2480.000	5.000	322.266	0.150
2490.000	5.000	343.750	0.156
2500.000	5.000	343.750	0.156
2510.000	5.000	343.750	0.156
2520.000	5.000	347.656	0.137
2530.000	5.000	347.656	0.137
2540.000	5.000	347.656	0.137
2550.000	5.000	296.875	0.119
2560.000	5.000	296.875	0.119
2570.000	5.000	296.875	0.119
2580.000	5.000	349.609	0.139
2590.000	5.000	349.609	0.139
2600.000	5.000	349.609	0.139
2610.000	5.000	339.844	0.148
2620.000	5.000	339.844	0.148
2630.000	5.000	339.844	0.148
2640.000	5.000	359.375	0.143
2650.000	5.000	359.375	0.143
2660.000	5.000	359.375	0.143
2670.000	5.000	328.125	0.119
2680.000	5.000	328.125	0.119
2690.000	5.000	328.125	0.119
2700.000	5.000	339.844	0.144
2710.000	5.000	339.844	0.144
2720.000	5.000	339.844	0.144
2730.000	5.000	343.750	0.117
2740.000	5.000	343.750	0.117
2750.000	5.000	343.750	0.117
2760.000	5.000	361.328	0.123
2770.000	5.000	361.328	0.123
2780.000	5.000	361.328	0.123
2790.000	5.000	378.906	0.151
2800.000	5.000	378.906	0.151
2810.000	5.000	378.906	0.151
2820.000	5.000	394.531	0.143
2830.000	5.000	394.531	0.143
2840.000	5.000	394.531	0.143
2850.000	5.000	406.250	0.140
2860.000	5.000	406.250	0.140
2870.000	5.000	406.250	0.140
2880.000	5.000	414.062	0.154
2890.000	5.000	414.062	0.154
2900.000	5.000	414.062	0.154
2910.000	5.000	431.641	0.116
2920.000	5.000	431.641	0.116
2930.000	5.000	431.641	0.116
2940.000	5.000	390.625	0.123
2950.000	5.000	390.625	0.123
2960.000	5.000	390.625	0.123
2970.000	5.000	398.437	0.130
2980.000	5.000	398.437	0.130
2990.000	5.000	398.437	0.130
3000.000	5.000	417.969	0.140
3010.000	5.000	417.969	0.140
3020.000	5.000	417.969	0.140
3030.000	5.000	400.391	0.144
3040.000	5.000	400.391	0.144
3050.000	5.000	400.391	0.144
3060.000	5.000	419.922	0.143
3070.000	5.000	419.922	0.143
3080.000	5.000	419.922	0.143
3090.000	5.000	439.453	0.144
3100.000	5.000	439.453	0.144
3110.000	5.000	439.453	0.144
3120.000	5.000	468.750	0.122
3130.000	5.000	468.750	0.122
3140.000	5.000	468.750	0.122
3150.000	5.000	494.141	0.142
3160.000	5.000	494.141	0.142
3170.000	5.000	494.141	0.142
3180.000	5.000	439.453	0.119
3190.000	5.000	439.453	0.119
3200.000	5.000	439.453	0.119
3210.000	5.000	498.047	0.155
3220.000	5.000	498.047	0.155
3230.000	5.000	498.047	0.155
3240.000	5.000	458.984	0.157
3250.000	5.000	458.984	0.157
3260.000	5.000	458.984	0.157
3270.000	5.000	500.000	0.145
3280.000	5.000	500.000	0.145
3290.000	5.000	500.000	0.145
3300.000	5.000	480.469	0.150
3310.000	5.000	480.469	0.150
3320.000	5.000	480.469	0.150
3330.000	5.000	464.844	0.151
3340.000	5.000	464.844	0.151
3350.000	5.000	464.844	0.151
3360.000	5.000	486.328	0.157
3370.000	5.000	486.328	0.157
3380.000	5.000	486.328	0.157
3390.000	5.000	509.766	0.147
3400.000	5.000	509.766	0.147
3410.000	5.000	509.766	0.147
3420.000	5.000	541.016	0.157
3430.000	5.000	541.016	0.157
3440.000	5.000	541.016	0.157
3450.000	5.000	537.109	0.155
3460.000	5.000	537.109	0.155
3470.000	5.000	537.109	0.155
3480.000	5.000	544.922	0.117
3490.000	5.000	544.922	0.117
3500.000	5.000	544.922	0.117
3510.000	5.000	501.953	0.130
3520.000	5.000	501.953	0.130
3530.000	5.000	501.953	0.130
3540.000	5.000	521.484	0.138
3550.000	5.000	521.484	0.138
3560.000	5.000	521.484	0.138
3570.000	5.000	525.391	0.133
3580.000	5.000	525.391	0.133
3590.000	5.000	525.391	0.133
3600.000	5.000	533.203	0.121
3610.000	5.000	533.203	0.121
3620.000	5.000	533.203	0.121
3630.000	5.000	546.875	0.154
3640.000	5.000	546.875	0.154
3650.000	5.000	546.875	0.154
3660.000	5.000	564.453	0.159
3670.000	5.000	564.453	0.159
3680.000	5.000	564.453	0.159
3690.000	5.000	556.641	0.148
3700.000	5.000	556.641	0.148
3710.000	5.000	556.641	0.148
3720.000	5.000	570.312	0.127
3730.000	5.000	570.312	0.127
3740.000	5.000	570.312	0.127
3750.000	5.000	570.312	0.157
3760.000	5.000	570.312	0.157
3770.000	5.000	570.312	0.157
3780.000	5.000	593.750	0.146
3790.000	5.000	593.750	0.146
3800.000	5.000	593.750	0.146
3810.000	5.000	615.234	0.152
3820.000	5.000	615.234	0.152
3830.000	5.000	615.234	0.152
3840.000	5.000	562.500	0.153
3850.000	5.000	562.500	0.153
3860.000	5.000	562.500	0.153
3870.000	5.000	607.422	0.141
3880.000	5.000	607.422	0.141
3890.000	5.000	607.422	0.141
3900.000	5.000	578.125	0.122
3910.000	5.000	578.125	0.122
3920.000	5.000	578.125	0.122
3930.000	5.000	605.469	0.140
3940.000	5.000	605.469	0.140
3950.000	5.000	605.469	0.140
3960.000	5.000	601.562	0.149
3970.000	5.000	601.562	0.149
3980.000	5.000	601.562	0.149
3990.000	5.000	617.187	0.146
4000.000	5.000	617.187	0.146
4010.000	5.000	617.187	0.146
4020.000	5.000	615.234	0.134
4030.000	5.000	615.234	0.134
4040.000	5.000	615.234	0.134
4050.000	5.000	640.625	0.144
4060.000	5.000	640.625	0.144
4070.000	5.000	640.625	0.144
4080.000	5.000	625.000	0.134
4090.000	5.000	625.000	0.134
4100.000	5.000	625.000	0.134
4110.000	5.000	607.422	0.119
4120.000	5.000	607.422	0.119
4130.000	5.000	607.422	0.119
4140.000	5.000	636.719	0.132
4150.000	5.000	636.719	0.132
4160.000	5.000	636.719	0.132
4170.000	5.000	673.828	0.146
4180.000	5.000	673.828	0.146
4190.000	5.000	673.828	0.146
4200.000	5.000	626.953	0.143
4210.000	5.000	626.953	0.143
4220.000	5.000	626.953	0.143
4230.000	5.000	644.531	0.133
4240.000	5.000	644.531	0.133
4250.000	5.000	644.531	0.133
4260.000	5.000	681.641	0.160
4270.000	5.000	681.641	0.160
4280.000	5.000	681.641	0.160
4290.000	5.000	705.078	0.142
4300.000	5.000	705.078	0.142
4310.000	5.000	705.078	0.142
4320.000	5.000	691.406	0.130
4330.000	5.000	691.406	0.130
4340.000	5.000	691.406	0.130
4350.000	5.000	675.781	0.136
4360.000	5.000	675.781	0.136
4370.000	5.000	675.781	0.136
4380.000	5.000	714.844	0.148
4390.000	5.000	714.844	0.148
4400.000	5.000	714.844	0.148
4410.000	5.000	675.781	0.114
4420.000	5.000	675.781	0.114
4430.000	5.000	675.781	0.114
4440.000	5.000	720.703	0.147
4450.000	5.000	720.703	0.147
4460.000	5.000	720.703	0.147
4470.000	5.000	707.031	0.137
4480.000	5.000	707.031	0.137
4490.000	5.000	707.031	0.137
4500.000	5.000	728.516	0.151
4510.000	5.000	728.516	0.151
4520.000	5.000	728.516	0.151
4530.000	5.000	707.031	0.143
4540.000	5.000	707.031	0.143
4550.000	5.000	707.031	0.143
4560.000	5.000	748.047	0.140
4570.000	5.000	748.047	0.140
4580.000	5.000	748.047	0.140
4590.000	5.000	751.953	0.134
4600.000	5.000	751.953	0.134
4610.000	5.000	751.953	0.134
4620.000	5.000	734.375	0.151
4630.000	5.000	734.375	0.151
4640.000	5.000	734.375	0.151
4650.000	5.000	740.234	0.130
4660.000	5.000	740.234	0.130
4670.000	5.000	740.234	0.130
4680.000	5.000	761.719	0.135
4690.000	5.000	761.719	0.135
4700.000	5.000	761.719	0.135
4710.000	5.000	763.672	0.131
4720.000	5.000	763.672	0.131
4730.000	5.000	763.672	0.131
4740.000	5.000	785.156	0.159
4750.000	5.000	785.156	0.159
4760.000	5.000	785.156	0.159
4770.000	5.000	777.344	0.155
4780.000	5.000	777.344	0.155
4790.000	5.000	777.344	0.155
4800.000	5.000	763.672	0.141
4810.000	5.000	763.672	0.141
4820.000	5.000	763.672	0.141
4830.000	5.000	742.187	0.148
4840.000	5.000	742.187	0.148
4850.000	5.000	742.187	0.148
4860.000	5.000	765.625	0.132
4870.000	5.000	765.625	0.132
4880.000	5.000	765.625	0.132
4890.000	5.000	783.203	0.127
4900.000	5.000	783.203	0.127
4910.000	5.000	783.203	0.127
4920.000	5.000	814.453	0.138
4930.000	5.000	814.453	0.138
4940.000	5.000	814.453	0.138
4950.000	5.000	763.672	0.123
4960.000	5.000	763.672	0.123
4970.000	5.000	763.672	0.123
4980.000	5.000	802.734	0.128
4990.000	5.000	802.734	0.128
5000.000	5.000	802.734	0.128
5010.000	5.000	816.406	0.148
5020.000	5.000	816.406	0.148
5030.000	5.000	816.406	0.148
5040.000	5.000	816.406	0.133
5050.000	5.000	816.406	0.133
5060.000	5.000	816.406	0.133
5070.000	5.000	785.156	0.117
5080.000	5.000	785.156	0.117
5090.000	5.000	785.156	0.117
5100.000	5.000	818.359	0.147
5110.000	5.000	818.359	0.147
5120.000	5.000	818.359	0.147
5130.000	5.000	861.328	0.122
5140.000	5.000	861.328	0.122
5150.000	5.000	861.328	0.122
5160.000	5.000	824.219	0.133
5170.000	5.000	824.219	0.133
5180.000	5.000	824.219	0.133
5190.000	5.000	855.469	0.144
5200.000	5.000	855.469	0.144
5210.000	5.000	855.469	0.144
5220.000	5.000	867.187	0.155
5230.000	5.000	867.187	0.155
5240.000	5.000	867.187	0.155
5250.000	5.000	863.281	0.147
5260.000	5.000	863.281	0.147
5270.000	5.000	863.281	0.147
5280.000	5.000	845.703	0.134
5290.000	5.000	845.703	0.134
5300.000	5.000	845.703	0.134
5310.000	5.000	849.609	0.142
5320.000	5.000	849.609	0.142
5330.000	5.000	849.609	0.142
5340.000	5.000	867.187	0.146
5350.000	5.000	867.187	0.146
5360.000	5.000	867.187	0.146
5370.000	5.000	880.859	0.150
5380.000	5.000	880.859	0.150
5390.000	5.000	880.859	0.150
5400.000	5.000	892.578	0.122
5410.000	5.000	892.578	0.122
5420.000	5.000	892.578	0.122
5430.000	5.000	857.422	0.145
5440.000	5.000	857.422	0.145
5450.000	5.000	857.422	0.145
5460.000	5.000	847.656	0.118
5470.000	5.000	847.656	0.118
5480.000	5.000	847.656	0.118
5490.000	5.000	919.922	0.149
5500.000	5.000	919.922	0.149
5510.000	5.000	919.922	0.149
5520.000	5.000	888.672	0.148
5530.000	5.000	888.672	0.148
5540.000	5.000	888.672	0.148
5550.000	5.000	859.375	0.150
5560.000	5.000	859.375	0.150
5570.000	5.000	859.375	0.150
5580.000	5.000	904.297	0.156
5590.000	5.000	904.297	0.156
5600.000	5.000	904.297	0.156
5610.000	5.000	939.453	0.149
5620.000	5.000	939.453	0.149
5630.000	5.000	939.453	0.149
5640.000	5.000	919.922	0.142
5650.000	5.000	919.922	0.142
5660.000	5.000	919.922	0.142
5670.000	5.000	916.016	0.142
5680.000	5.000	916.016	0.142
5690.000	5.000	916.016	0.142
5700.000	5.000	925.781	0.142
5710.000	5.000	925.781	0.142
5720.000	5.000	925.781	0.142
5730.000	5.000	933.594	0.137
5740.000	5.000	933.594	0.137
5750.000	5.000	933.594	0.137
5760.000	5.000	935.547	0.130
5770.000	5.000	935.547	0.130
5780.000	5.000	935.547	0.130
5790.000	5.000	910.156	0.151
5800.000	5.000	910.156	0.151
5810.000	5.000	910.156	0.151
5820.000	5.000	917.969	0.153
5830.000	5.000	917.969	0.153
5840.000	5.000	917.969	0.153
5850.000	5.000	912.109	0.121
5860.000	5.000	912.109	0.121
5870.000	5.000	912.109	0.121
5880.000	5.000	941.406	0.142
5890.000	5.000	941.406	0.142
5900.000	5.000	941.406	0.142
5910.000	5.000	960.937	0.133
5920.000	5.000	960.937	0.133
5930.000	5.000	960.937	0.133
5940.000	5.000	953.125	0.151
5950.000	5.000	953.125	0.151
5960.000	5.000	953.125	0.151
5970.000	5.000	945.312	0.140
5980.000	5.000	945.312	0.140
5990.000	5.000	945.312	0.140
6000.000	5.000	957.031	0.147
6010.000	5.000	957.031	0.147
6020.000	5.000	957.031	0.147
6030.000	5.000	980.469	0.133
6040.000	5.000	980.469	0.133
6050.000	5.000	980.469	0.133
6060.000	5.000	978.516	0.130
6070.000	5.000	978.516	0.130
6080.000	5.000	978.516	0.130
6090.000	5.000	962.891	0.159
6100.000	5.000	962.891	0.159
6110.000	5.000	962.891	0.159
6120.000	5.000	990.234	0.065
6130.000	5.000	990.234	0.065
6140.000	5.000	990.234	0.065
6150.000	5.000	958.984	0.006
6160.000	5.000	958.984	0.006
6170.000	5.000	958.984	0.006
6180.000	5.000	988.281	0.006
6190.000	5.000	988.281	0.006
6200.000	5.000	988.281	0.006
6210.000	5.000	931.641	-0.007
6220.000	5.000	931.641	-0.007
6230.000	5.000	931.641	-0.007
6240.000	5.000	949.219	-0.008
6250.000	5.000	949.219	-0.008
6260.000	5.000	949.219	-0.008
6270.000	5.000	970.703	-0.030
6280.000	5.000	970.703	-0.030
6290.000	5.000	970.703	-0.030
6300.000	5.000	927.734	-0.001
6310.000	5.000	927.734	-0.001
6320.000	5.000	927.734	-0.001
6330.000	5.000	919.922	-0.026
6340.000	5.000	919.922	-0.026
6350.000	5.000	919.922	-0.026
6360.000	5.000	917.969	-0.014
6370.000	5.000	917.969	-0.014
6380.000	5.000	917.969	-0.014
6390.000	5.000	917.969	-0.008
6400.000	5.000	917.969	-0.008
6410.000	5.000	917.969	-0.008
6420.000	5.000	904.297	-0.022
6430.000	5.000	904.297	-0.022
6440.000	5.000	904.297	-0.022
6450.000	5.000	886.719	-0.034
6460.000	5.000	886.719	-0.034
6470.000	5.000	886.719	-0.034
6480.000	5.000	910.156	-0.002
6490.000	5.000	910.156	-0.002
6500.000	5.000	910.156	-0.002
6510.000	5.000	857.422	-0.020
6520.000	5.000	857.422	-0.020
6530.000	5.000	857.422	-0.020
6540.000	5.000	861.328	-0.003
6550.000	5.000	861.328	-0.003
6560.000	5.000	861.328	-0.003
6570.000	5.000	849.609	-0.004
6580.000	5.000	849.609	-0.004
6590.000	5.000	849.609	-0.004
6600.000	5.000	828.125	-0.012
6610.000	5.000	828.125	-0.012
6620.000	5.000	828.125	-0.012
6630.000	5.000	802.734	-0.027
6640.000	5.000	802.734	-0.027
6650.000	5.000	802.734	-0.027
6660.000	5.000	820.312	-0.009
6670.000	5.000	820.312	-0.009
6680.000	5.000	820.312	-0.009
6690.000	5.000	804.687	-0.019
6700.000	5.000	804.687	-0.019
6710.000	5.000	804.687	-0.019
6720.000	5.000	806.641	-0.010
6730.000	5.000	806.641	-0.010
6740.000	5.000	806.641	-0.010
6750.000	5.000	812.500	-0.038
6760.000	5.000	812.500	-0.038
6770.000	5.000	812.500	-0.038
6780.000	5.000	750.000	-0.042
6790.000	5.000	750.000	-0.042
6800.000	5.000	750.000	-0.042
6810.000	5.000	802.734	-0.031
6820.000	5.000	802.734	-0.031
6830.000	5.000	802.734	-0.031
6840.000	5.000	744.141	-0.015
6850.000	5.000	744.141	-0.015
6860.000	5.000	744.141	-0.015
6870.000	5.000	759.766	-0.021
6880.000	5.000	759.766	-0.021
6890.000	5.000	759.766	-0.021
6900.000	5.000	705.078	-0.031
6910.000	5.000	705.078	-0.031
6920.000	5.000	705.078	-0.031
6930.000	5.000	697.266	-0.006
6940.000	5.000	697.266	-0.006
6950.000	5.000	697.266	-0.006
6960.000	5.000	744.141	-0.009
6970.000	5.000	744.141	-0.009
6980.000	5.000	744.141	-0.009
6990.000	5.000	720.703	-0.014
7000.000	5.000	720.703	-0.014
7010.000	5.000	720.703	-0.014
7020.000	5.000	712.891	0.000
