%Time [ms]	Commanded Torque [mNm]	Angular Velocity [RPM]	Actual Current [Amp]	%8/25/20221:27 PM
0.000	0.000	0.000	0.000
20.000	20.000	-1.953	-0.010
30.000	20.000	-1.953	-0.010
40.000	20.000	-1.953	-0.010
50.000	20.000	-41.016	-0.013
60.000	20.000	-41.016	-0.013
70.000	20.000	-41.016	-0.013
80.000	20.000	9.766	-0.024
90.000	20.000	9.766	-0.024
100.000	20.000	9.766	-0.024
110.000	20.000	1.953	-0.027
120.000	20.000	1.953	-0.027
130.000	20.000	1.953	-0.027
140.000	20.000	-27.344	-0.032
150.000	20.000	-27.344	-0.032
160.000	20.000	-27.344	-0.032
170.000	20.000	0.000	-0.026
180.000	20.000	0.000	-0.026
190.000	20.000	0.000	-0.026
200.000	20.000	-39.062	-0.026
210.000	20.000	-39.062	-0.026
220.000	20.000	-39.062	-0.026
230.000	20.000	7.812	0.002
240.000	20.000	7.812	0.002
250.000	20.000	7.812	0.002
260.000	20.000	-5.859	-0.006
270.000	20.000	-5.859	-0.006
280.000	20.000	-5.859	-0.006
290.000	20.000	-27.344	-0.020
300.000	20.000	-27.344	-0.020
310.000	20.000	-27.344	-0.020
320.000	20.000	5.859	0.000
330.000	20.000	5.859	0.000
340.000	20.000	5.859	0.000
350.000	20.000	5.859	-0.001
360.000	20.000	5.859	-0.001
370.000	20.000	5.859	-0.001
380.000	20.000	-21.484	-0.012
390.000	20.000	-21.484	-0.012
400.000	20.000	-21.484	-0.012
410.000	20.000	-35.156	-0.040
420.000	20.000	-35.156	-0.040
430.000	20.000	-35.156	-0.040
440.000	20.000	-21.484	-0.010
450.000	20.000	-21.484	-0.010
460.000	20.000	-21.484	-0.010
470.000	20.000	-11.719	-0.029
480.000	20.000	-11.719	-0.029
490.000	20.000	-11.719	-0.029
500.000	20.000	0.000	-0.021
510.000	20.000	0.000	-0.021
520.000	20.000	0.000	-0.021
530.000	20.000	-15.625	-0.025
540.000	20.000	-15.625	-0.025
550.000	20.000	-15.625	-0.025
560.000	20.000	9.766	-0.035
570.000	20.000	9.766	-0.035
580.000	20.000	9.766	-0.035
590.000	20.000	-48.828	-0.026
600.000	20.000	-48.828	-0.026
610.000	20.000	-48.828	-0.026
620.000	20.000	-37.109	-0.033
630.000	20.000	-37.109	-0.033
640.000	20.000	-37.109	-0.033
650.000	20.000	-33.203	-0.022
660.000	20.000	-33.203	-0.022
670.000	20.000	-33.203	-0.022
680.000	20.000	-9.766	-0.011
690.000	20.000	-9.766	-0.011
700.000	20.000	-9.766	-0.011
710.000	20.000	1.953	-0.029
720.000	20.000	1.953	-0.029
730.000	20.000	1.953	-0.029
740.000	20.000	-9.766	-0.027
750.000	20.000	-9.766	-0.027
760.000	20.000	-9.766	-0.027
770.000	20.000	1.953	-0.030
780.000	20.000	1.953	-0.030
790.000	20.000	1.953	-0.030
800.000	20.000	-41.016	-0.010
810.000	20.000	-41.016	-0.010
820.000	20.000	-41.016	-0.010
830.000	20.000	-27.344	-0.012
840.000	20.000	-27.344	-0.012
850.000	20.000	-27.344	-0.012
860.000	20.000	-7.812	-0.012
870.000	20.000	-7.812	-0.012
880.000	20.000	-7.812	-0.012
890.000	20.000	-33.203	-0.027
900.000	20.000	-33.203	-0.027
910.000	20.000	-33.203	-0.027
920.000	20.000	-13.672	-0.010
930.000	20.000	-13.672	-0.010
940.000	20.000	-13.672	-0.010
950.000	20.000	-5.859	-0.026
960.000	20.000	-5.859	-0.026
970.000	20.000	-5.859	-0.026
980.000	20.000	5.859	-0.010
990.000	20.000	5.859	-0.010
1000.000	20.000	5.859	-0.010
1010.000	20.000	-11.719	-0.023
1020.000	20.000	-11.719	-0.023
1030.000	20.000	-11.719	-0.023
1040.000	20.000	7.812	-0.020
1050.000	20.000	7.812	-0.020
1060.000	20.000	7.812	-0.020
1070.000	20.000	-44.922	-0.028
1080.000	20.000	-44.922	-0.028
1090.000	20.000	-44.922	-0.028
1100.000	20.000	-7.812	0.312
1110.000	20.000	-7.812	0.312
1120.000	20.000	-7.812	0.312
1130.000	20.000	31.250	0.481
1140.000	20.000	31.250	0.481
1150.000	20.000	31.250	0.481
1160.000	20.000	42.969	0.545
1170.000	20.000	42.969	0.545
1180.000	20.000	42.969	0.545
1190.000	20.000	119.141	0.562
1200.000	20.000	119.141	0.562
1210.000	20.000	119.141	0.562
1220.000	20.000	158.203	0.581
1230.000	20.000	158.203	0.581
1240.000	20.000	158.203	0.581
1250.000	20.000	208.984	0.588
1260.000	20.000	208.984	0.588
1270.000	20.000	208.984	0.588
1280.000	20.000	322.266	0.595
1290.000	20.000	322.266	0.595
1300.000	20.000	322.266	0.595
1310.000	20.000	298.828	0.601
1320.000	20.000	298.828	0.601
1330.000	20.000	298.828	0.601
1340.000	20.000	337.891	0.582
1350.000	20.000	337.891	0.582
1360.000	20.000	337.891	0.582
1370.000	20.000	402.344	0.579
1380.000	20.000	402.344	0.579
1390.000	20.000	402.344	0.579
1400.000	20.000	427.734	0.581
1410.000	20.000	427.734	0.581
1420.000	20.000	427.734	0.581
1430.000	20.000	517.578	0.619
1440.000	20.000	517.578	0.619
1450.000	20.000	517.578	0.619
1460.000	20.000	552.734	0.608
1470.000	20.000	552.734	0.608
1480.000	20.000	552.734	0.608
1490.000	20.000	601.562	0.586
1500.000	20.000	601.562	0.586
1510.000	20.000	601.562	0.586
1520.000	20.000	642.578	0.583
1530.000	20.000	642.578	0.583
1540.000	20.000	642.578	0.583
1550.000	20.000	734.375	0.593
1560.000	20.000	734.375	0.593
1570.000	20.000	734.375	0.593
1580.000	20.000	740.234	0.595
1590.000	20.000	740.234	0.595
1600.000	20.000	740.234	0.595
1610.000	20.000	761.719	0.577
1620.000	20.000	761.719	0.577
1630.000	20.000	761.719	0.577
1640.000	20.000	849.609	0.601
1650.000	20.000	849.609	0.601
1660.000	20.000	849.609	0.601
1670.000	20.000	873.047	0.594
1680.000	20.000	873.047	0.594
1690.000	20.000	873.047	0.594
1700.000	20.000	972.656	0.586
1710.000	20.000	972.656	0.586
1720.000	20.000	972.656	0.586
1730.000	20.000	1021.484	0.606
1740.000	20.000	1021.484	0.606
1750.000	20.000	1021.484	0.606
1760.000	20.000	1001.953	0.577
1770.000	20.000	1001.953	0.577
1780.000	20.000	1001.953	0.577
1790.000	20.000	1015.625	0.582
1800.000	20.000	1015.625	0.582
1810.000	20.000	1015.625	0.582
1820.000	20.000	1095.703	0.562
1830.000	20.000	1095.703	0.562
1840.000	20.000	1095.703	0.562
1850.000	20.000	1171.875	0.609
1860.000	20.000	1171.875	0.609
1870.000	20.000	1171.875	0.609
1880.000	20.000	1220.703	0.588
1890.000	20.000	1220.703	0.588
1900.000	20.000	1220.703	0.588
1910.000	20.000	1253.906	0.577
1920.000	20.000	1253.906	0.577
1930.000	20.000	1253.906	0.577
1940.000	20.000	1291.016	0.575
1950.000	20.000	1291.016	0.575
1960.000	20.000	1291.016	0.575
1970.000	20.000	1353.516	0.600
1980.000	20.000	1353.516	0.600
1990.000	20.000	1353.516	0.600
2000.000	20.000	1349.609	0.580
2010.000	20.000	1349.609	0.580
2020.000	20.000	1349.609	0.580
2030.000	20.000	1394.531	0.597
2040.000	20.000	1394.531	0.597
2050.000	20.000	1394.531	0.597
2060.000	20.000	1457.031	0.575
2070.000	20.000	1457.031	0.575
2080.000	20.000	1457.031	0.575
2090.000	20.000	1462.891	0.607
2100.000	20.000	1462.891	0.607
2110.000	20.000	1462.891	0.607
2120.000	20.000	1552.734	0.602
2130.000	20.000	1552.734	0.602
2140.000	20.000	1552.734	0.602
2150.000	20.000	1625.000	0.597
2160.000	20.000	1625.000	0.597
2170.000	20.000	1625.000	0.597
2180.000	20.000	1628.906	0.601
2190.000	20.000	1628.906	0.601
2200.000	20.000	1628.906	0.601
2210.000	20.000	1693.359	0.606
2220.000	20.000	1693.359	0.606
2230.000	20.000	1693.359	0.606
2240.000	20.000	1708.984	0.573
2250.000	20.000	1708.984	0.573
2260.000	20.000	1708.984	0.573
2270.000	20.000	1789.062	0.595
2280.000	20.000	1789.062	0.595
2290.000	20.000	1789.062	0.595
2300.000	20.000	1855.469	0.602
2310.000	20.000	1855.469	0.602
2320.000	20.000	1855.469	0.602
2330.000	20.000	1871.094	0.565
2340.000	20.000	1871.094	0.565
2350.000	20.000	1871.094	0.565
2360.000	20.000	1900.391	0.601
2370.000	20.000	1900.391	0.601
2380.000	20.000	1900.391	0.601
2390.000	20.000	1902.344	0.566
2400.000	20.000	1902.344	0.566
2410.000	20.000	1902.344	0.566
2420.000	20.000	2011.719	0.580
2430.000	20.000	2011.719	0.580
2440.000	20.000	2011.719	0.580
2450.000	20.000	2035.156	0.581
2460.000	20.000	2035.156	0.581
2470.000	20.000	2035.156	0.581
2480.000	20.000	2105.469	0.609
2490.000	20.000	2105.469	0.609
2500.000	20.000	2105.469	0.609
2510.000	20.000	2115.234	0.601
2520.000	20.000	2115.234	0.601
2530.000	20.000	2115.234	0.601
2540.000	20.000	2130.859	0.586
2550.000	20.000	2130.859	0.586
2560.000	20.000	2130.859	0.586
2570.000	20.000	2238.281	0.593
2580.000	20.000	2238.281	0.593
2590.000	20.000	2238.281	0.593
2600.000	20.000	2250.000	0.589
2610.000	20.000	2250.000	0.589
2620.000	20.000	2250.000	0.589
2630.000	20.000	2263.672	0.571
2640.000	20.000	2263.672	0.571
2650.000	20.000	2263.672	0.571
2660.000	20.000	2322.266	0.579
2670.000	20.000	2322.266	0.579
2680.000	20.000	2322.266	0.579
2690.000	20.000	2361.328	0.592
2700.000	20.000	2361.328	0.592
2710.000	20.000	2361.328	0.592
2720.000	20.000	2408.203	0.584
2730.000	20.000	2408.203	0.584
2740.000	20.000	2408.203	0.584
2750.000	20.000	2443.359	0.577
2760.000	20.000	2443.359	0.577
2770.000	20.000	2443.359	0.577
2780.000	20.000	2494.141	0.595
2790.000	20.000	2494.141	0.595
2800.000	20.000	2494.141	0.595
2810.000	20.000	2533.203	0.588
2820.000	20.000	2533.203	0.588
2830.000	20.000	2533.203	0.588
2840.000	20.000	2599.609	0.577
2850.000	20.000	2599.609	0.577
2860.000	20.000	2599.609	0.577
2870.000	20.000	2628.906	0.577
2880.000	20.000	2628.906	0.577
2890.000	20.000	2628.906	0.577
2900.000	20.000	2644.531	0.597
2910.000	20.000	2644.531	0.597
2920.000	20.000	2644.531	0.597
2930.000	20.000	2728.516	0.602
2940.000	20.000	2728.516	0.602
2950.000	20.000	2728.516	0.602
2960.000	20.000	2736.328	0.607
2970.000	20.000	2736.328	0.607
2980.000	20.000	2736.328	0.607
2990.000	20.000	2796.875	0.594
3000.000	20.000	2796.875	0.594
3010.000	20.000	2796.875	0.594
3020.000	20.000	2804.687	0.579
3030.000	20.000	2804.687	0.579
3040.000	20.000	2804.687	0.579
3050.000	20.000	2859.375	0.589
3060.000	20.000	2859.375	0.589
3070.000	20.000	2859.375	0.589
3080.000	20.000	2925.781	0.591
3090.000	20.000	2925.781	0.591
3100.000	20.000	2925.781	0.591
3110.000	20.000	2964.844	0.577
3120.000	20.000	2964.844	0.577
3130.000	20.000	2964.844	0.577
3140.000	20.000	2953.125	0.609
3150.000	20.000	2953.125	0.609
3160.000	20.000	2953.125	0.609
3170.000	20.000	3027.344	0.589
3180.000	20.000	3027.344	0.589
3190.000	20.000	3027.344	0.589
3200.000	20.000	3023.437	0.583
3210.000	20.000	3023.437	0.583
3220.000	20.000	3023.437	0.583
3230.000	20.000	3128.906	0.590
3240.000	20.000	3128.906	0.590
3250.000	20.000	3128.906	0.590
3260.000	20.000	3136.719	0.593
3270.000	20.000	3136.719	0.593
3280.000	20.000	3136.719	0.593
3290.000	20.000	3154.297	0.577
3300.000	20.000	3154.297	0.577
3310.000	20.000	3154.297	0.577
3320.000	20.000	3222.656	0.565
3330.000	20.000	3222.656	0.565
3340.000	20.000	3222.656	0.565
3350.000	20.000	3261.719	0.578
3360.000	20.000	3261.719	0.578
3370.000	20.000	3261.719	0.578
3380.000	20.000	3300.781	0.596
3390.000	20.000	3300.781	0.596
3400.000	20.000	3300.781	0.596
3410.000	20.000	3330.078	0.567
3420.000	20.000	3330.078	0.567
3430.000	20.000	3330.078	0.567
3440.000	20.000	3351.562	0.578
3450.000	20.000	3351.562	0.578
3460.000	20.000	3351.562	0.578
3470.000	20.000	3412.109	0.602
3480.000	20.000	3412.109	0.602
3490.000	20.000	3412.109	0.602
3500.000	20.000	3478.516	0.600
3510.000	20.000	3478.516	0.600
3520.000	20.000	3478.516	0.600
3530.000	20.000	3505.859	0.596
3540.000	20.000	3505.859	0.596
3550.000	20.000	3505.859	0.596
3560.000	20.000	3529.297	0.584
3570.000	20.000	3529.297	0.584
3580.000	20.000	3529.297	0.584
3590.000	20.000	3589.844	0.593
3600.000	20.000	3589.844	0.593
3610.000	20.000	3589.844	0.593
3620.000	20.000	3607.422	0.577
3630.000	20.000	3607.422	0.577
3640.000	20.000	3607.422	0.577
3650.000	20.000	3656.250	0.578
3660.000	20.000	3656.250	0.578
3670.000	20.000	3656.250	0.578
3680.000	20.000	3718.750	0.591
3690.000	20.000	3718.750	0.591
3700.000	20.000	3718.750	0.591
3710.000	20.000	3732.422	0.582
3720.000	20.000	3732.422	0.582
3730.000	20.000	3732.422	0.582
3740.000	20.000	3738.281	0.562
3750.000	20.000	3738.281	0.562
3760.000	20.000	3738.281	0.562
3770.000	20.000	3787.109	0.577
3780.000	20.000	3787.109	0.577
3790.000	20.000	3787.109	0.577
3800.000	20.000	3882.812	0.574
3810.000	20.000	3882.812	0.574
3820.000	20.000	3882.812	0.574
3830.000	20.000	3882.812	0.585
3840.000	20.000	3882.812	0.585
3850.000	20.000	3882.812	0.585
3860.000	20.000	3931.641	0.586
3870.000	20.000	3931.641	0.586
3880.000	20.000	3931.641	0.586
3890.000	20.000	3968.750	0.591
3900.000	20.000	3968.750	0.591
3910.000	20.000	3968.750	0.591
3920.000	20.000	3992.187	0.578
3930.000	20.000	3992.187	0.578
3940.000	20.000	3992.187	0.578
3950.000	20.000	3998.047	0.583
3960.000	20.000	3998.047	0.583
3970.000	20.000	3998.047	0.583
3980.000	20.000	3998.047	0.563
3990.000	20.000	3998.047	0.563
4000.000	20.000	3998.047	0.563
4010.000	20.000	3998.047	0.597
4020.000	20.000	3998.047	0.597
4030.000	20.000	3998.047	0.597
4040.000	20.000	3998.047	0.512
4050.000	20.000	3998.047	0.512
4060.000	20.000	3998.047	0.512
4070.000	20.000	3998.047	0.310
4080.000	20.000	3998.047	0.310
4090.000	20.000	3998.047	0.310
4100.000	20.000	3998.047	0.113
4110.000	20.000	3998.047	0.113
4120.000	20.000	3998.047	0.113
4130.000	20.000	3998.047	-0.046
4140.000	20.000	3998.047	-0.046
4150.000	20.000	3998.047	-0.046
4160.000	20.000	3998.047	-0.247
4170.000	20.000	3998.047	-0.247
4180.000	20.000	3998.047	-0.247
4190.000	20.000	3998.047	-0.309
4200.000	20.000	3998.047	-0.309
4210.000	20.000	3998.047	-0.309
4220.000	20.000	3998.047	-0.292
4230.000	20.000	3998.047	-0.292
4240.000	20.000	3998.047	-0.292
4250.000	20.000	3982.422	-0.217
4260.000	20.000	3982.422	-0.217
4270.000	20.000	3982.422	-0.217
4280.000	20.000	3953.125	-0.104
4290.000	20.000	3953.125	-0.104
4300.000	20.000	3953.125	-0.104
4310.000	20.000	3951.172	0.007
4320.000	20.000	3951.172	0.007
4330.000	20.000	3951.172	0.007
4340.000	20.000	3943.359	0.134
4350.000	20.000	3943.359	0.134
4360.000	20.000	3943.359	0.134
4370.000	20.000	3943.359	0.260
4380.000	20.000	3943.359	0.260
4390.000	20.000	3943.359	0.260
4400.000	20.000	3962.891	0.424
4410.000	20.000	3962.891	0.424
4420.000	20.000	3962.891	0.424
4430.000	20.000	3998.047	0.493
4440.000	20.000	3998.047	0.493
4450.000	20.000	3998.047	0.493
4460.000	20.000	3982.422	0.469
4470.000	20.000	3982.422	0.469
4480.000	20.000	3982.422	0.469
4490.000	20.000	3998.047	0.406
4500.000	20.000	3998.047	0.406
4510.000	20.000	3998.047	0.406
4520.000	20.000	3998.047	0.329
4530.000	20.000	3998.047	0.329
4540.000	20.000	3998.047	0.329
4550.000	20.000	3998.047	0.206
4560.000	20.000	3998.047	0.206
4570.000	20.000	3998.047	0.206
4580.000	20.000	3998.047	0.118
4590.000	20.000	3998.047	0.118
4600.000	20.000	3998.047	0.118
4610.000	20.000	3998.047	0.069
4620.000	20.000	3998.047	0.069
4630.000	20.000	3998.047	0.069
4640.000	20.000	3998.047	0.058
4650.000	20.000	3998.047	0.058
4660.000	20.000	3998.047	0.058
4670.000	20.000	3998.047	0.029
4680.000	20.000	3998.047	0.029
4690.000	20.000	3998.047	0.029
4700.000	20.000	3998.047	0.036
4710.000	20.000	3998.047	0.036
4720.000	20.000	3998.047	0.036
4730.000	20.000	3998.047	0.022
4740.000	20.000	3998.047	0.022
4750.000	20.000	3998.047	0.022
4760.000	20.000	3998.047	0.047
4770.000	20.000	3998.047	0.047
4780.000	20.000	3998.047	0.047
4790.000	20.000	3990.234	0.086
4800.000	20.000	3990.234	0.086
4810.000	20.000	3990.234	0.086
4820.000	20.000	3998.047	0.162
4830.000	20.000	3998.047	0.162
4840.000	20.000	3998.047	0.162
4850.000	20.000	3972.656	0.189
4860.000	20.000	3972.656	0.189
4870.000	20.000	3972.656	0.189
4880.000	20.000	3998.047	0.268
4890.000	20.000	3998.047	0.268
4900.000	20.000	3998.047	0.268
4910.000	20.000	3998.047	0.297
4920.000	20.000	3998.047	0.297
4930.000	20.000	3998.047	0.297
4940.000	20.000	3998.047	0.287
4950.000	20.000	3998.047	0.287
4960.000	20.000	3998.047	0.287
4970.000	20.000	3998.047	0.262
4980.000	20.000	3998.047	0.262
4990.000	20.000	3998.047	0.262
5000.000	20.000	3998.047	0.246
5010.000	20.000	3998.047	0.246
5020.000	20.000	3998.047	0.246
5030.000	20.000	3998.047	0.179
5040.000	20.000	3998.047	0.179
5050.000	20.000	3998.047	0.179
5060.000	20.000	3998.047	0.147
5070.000	20.000	3998.047	0.147
5080.000	20.000	3998.047	0.147
5090.000	20.000	3998.047	0.118
5100.000	20.000	3998.047	0.118
5110.000	20.000	3998.047	0.118
5120.000	20.000	3998.047	0.102
5130.000	20.000	3998.047	0.102
5140.000	20.000	3998.047	0.102
5150.000	20.000	3998.047	0.091
5160.000	20.000	3998.047	0.091
5170.000	20.000	3998.047	0.091
5180.000	20.000	3998.047	0.106
5190.000	20.000	3998.047	0.106
5200.000	20.000	3998.047	0.106
5210.000	20.000	3998.047	0.122
5220.000	20.000	3998.047	0.122
5230.000	20.000	3998.047	0.122
5240.000	20.000	3992.187	0.117
5250.000	20.000	3992.187	0.117
5260.000	20.000	3992.187	0.117
5270.000	20.000	3998.047	0.180
5280.000	20.000	3998.047	0.180
5290.000	20.000	3998.047	0.180
5300.000	20.000	3998.047	0.187
5310.000	20.000	3998.047	0.187
5320.000	20.000	3998.047	0.187
5330.000	20.000	3998.047	0.189
5340.000	20.000	3998.047	0.189
5350.000	20.000	3998.047	0.189
5360.000	20.000	3998.047	0.202
5370.000	20.000	3998.047	0.202
5380.000	20.000	3998.047	0.202
5390.000	20.000	3998.047	0.213
5400.000	20.000	3998.047	0.213
5410.000	20.000	3998.047	0.213
5420.000	20.000	3998.047	0.190
5430.000	20.000	3998.047	0.190
5440.000	20.000	3998.047	0.190
5450.000	20.000	3998.047	0.165
5460.000	20.000	3998.047	0.165
5470.000	20.000	3998.047	0.165
5480.000	20.000	3998.047	0.182
5490.000	20.000	3998.047	0.182
5500.000	20.000	3998.047	0.182
5510.000	20.000	3998.047	0.154
5520.000	20.000	3998.047	0.154
5530.000	20.000	3998.047	0.154
5540.000	20.000	3998.047	0.156
5550.000	20.000	3998.047	0.156
5560.000	20.000	3998.047	0.156
5570.000	20.000	3998.047	0.152
5580.000	20.000	3998.047	0.152
5590.000	20.000	3998.047	0.152
5600.000	20.000	3990.234	0.137
5610.000	20.000	3990.234	0.137
5620.000	20.000	3990.234	0.137
5630.000	20.000	3998.047	0.126
5640.000	20.000	3998.047	0.126
5650.000	20.000	3998.047	0.126
5660.000	20.000	3998.047	0.136
5670.000	20.000	3998.047	0.136
5680.000	20.000	3998.047	0.136
5690.000	20.000	3998.047	0.174
5700.000	20.000	3998.047	0.174
5710.000	20.000	3998.047	0.174
5720.000	20.000	3986.328	0.151
5730.000	20.000	3986.328	0.151
5740.000	20.000	3986.328	0.151
5750.000	20.000	3998.047	0.159
5760.000	20.000	3998.047	0.159
5770.000	20.000	3998.047	0.159
5780.000	20.000	3998.047	0.202
5790.000	20.000	3998.047	0.202
5800.000	20.000	3998.047	0.202
5810.000	20.000	3998.047	0.177
5820.000	20.000	3998.047	0.177
5830.000	20.000	3998.047	0.177
5840.000	20.000	3998.047	0.174
5850.000	20.000	3998.047	0.174
5860.000	20.000	3998.047	0.174
5870.000	20.000	3998.047	0.161
5880.000	20.000	3998.047	0.161
5890.000	20.000	3998.047	0.161
5900.000	20.000	3998.047	0.174
5910.000	20.000	3998.047	0.174
5920.000	20.000	3998.047	0.174
5930.000	20.000	3998.047	0.152
5940.000	20.000	3998.047	0.152
5950.000	20.000	3998.047	0.152
5960.000	20.000	3998.047	0.138
5970.000	20.000	3998.047	0.138
5980.000	20.000	3998.047	0.138
5990.000	20.000	3998.047	0.150
6000.000	20.000	3998.047	0.150
6010.000	20.000	3998.047	0.150
6020.000	20.000	3998.047	0.172
6030.000	20.000	3998.047	0.172
6040.000	20.000	3998.047	0.172
6050.000	20.000	3998.047	0.153
6060.000	20.000	3998.047	0.153
6070.000	20.000	3998.047	0.153
6080.000	20.000	3998.047	0.164
6090.000	20.000	3998.047	0.164
6100.000	20.000	3998.047	0.164
6110.000	20.000	3998.047	0.060
6120.000	20.000	3998.047	0.060
6130.000	20.000	3998.047	0.060
6140.000	20.000	3990.234	-0.004
6150.000	20.000	3990.234	-0.004
6160.000	20.000	3990.234	-0.004
6170.000	20.000	3998.047	0.001
6180.000	20.000	3998.047	0.001
6190.000	20.000	3998.047	0.001
6200.000	20.000	3998.047	-0.002
6210.000	20.000	3998.047	-0.002
6220.000	20.000	3998.047	-0.002
6230.000	20.000	3951.172	-0.028
6240.000	20.000	3951.172	-0.028
6250.000	20.000	3951.172	-0.028
6260.000	20.000	3976.562	-0.007
6270.000	20.000	3976.562	-0.007
6280.000	20.000	3976.562	-0.007
6290.000	20.000	3962.891	-0.034
6300.000	20.000	3962.891	-0.034
6310.000	20.000	3962.891	-0.034
6320.000	20.000	3890.625	-0.031
6330.000	20.000	3890.625	-0.031
6340.000	20.000	3890.625	-0.031
6350.000	20.000	3902.344	-0.005
6360.000	20.000	3902.344	-0.005
6370.000	20.000	3902.344	-0.005
6380.000	20.000	3863.281	-0.027
6390.000	20.000	3863.281	-0.027
6400.000	20.000	3863.281	-0.027
6410.000	20.000	3888.672	-0.006
6420.000	20.000	3888.672	-0.006
6430.000	20.000	3888.672	-0.006
6440.000	20.000	3857.422	-0.025
6450.000	20.000	3857.422	-0.025
6460.000	20.000	3857.422	-0.025
6470.000	20.000	3849.609	-0.017
6480.000	20.000	3849.609	-0.017
6490.000	20.000	3849.609	-0.017
6500.000	20.000	3841.797	-0.009
6510.000	20.000	3841.797	-0.009
6520.000	20.000	3841.797	-0.009
6530.000	20.000	3773.437	-0.033
6540.000	20.000	3773.437	-0.033
6550.000	20.000	3773.437	-0.033
6560.000	20.000	3789.062	-0.024
6570.000	20.000	3789.062	-0.024
6580.000	20.000	3789.062	-0.024
6590.000	20.000	3785.156	-0.014
6600.000	20.000	3785.156	-0.014
6610.000	20.000	3785.156	-0.014
6620.000	20.000	3767.578	-0.022
6630.000	20.000	3767.578	-0.022
6640.000	20.000	3767.578	-0.022
6650.000	20.000	3732.422	-0.033
6660.000	20.000	3732.422	-0.033
6670.000	20.000	3732.422	-0.033
6680.000	20.000	3742.187	-0.014
6690.000	20.000	3742.187	-0.014
6700.000	20.000	3742.187	-0.014
6710.000	20.000	3705.078	-0.034
6720.000	20.000	3705.078	-0.034
6730.000	20.000	3705.078	-0.034
6740.000	20.000	3703.125	-0.038
6750.000	20.000	3703.125	-0.038
6760.000	20.000	3703.125	-0.038
6770.000	20.000	3673.828	-0.051
6780.000	20.000	3673.828	-0.051
6790.000	20.000	3673.828	-0.051
6800.000	20.000	3658.203	-0.013
6810.000	20.000	3658.203	-0.013
6820.000	20.000	3658.203	-0.013
6830.000	20.000	3666.016	-0.009
6840.000	20.000	3666.016	-0.009
6850.000	20.000	3666.016	-0.009
6860.000	20.000	3628.906	-0.006
6870.000	20.000	3628.906	-0.006
6880.000	20.000	3628.906	-0.006
6890.000	20.000	3619.141	0.000
6900.000	20.000	3619.141	0.000
6910.000	20.000	3619.141	0.000
6920.000	20.000	3580.078	-0.036
6930.000	20.000	3580.078	-0.036
6940.000	20.000	3580.078	-0.036
6950.000	20.000	3585.937	-0.015
6960.000	20.000	3585.937	-0.015
6970.000	20.000	3585.937	-0.015
6980.000	20.000	3562.500	-0.014
6990.000	20.000	3562.500	-0.014
7000.000	20.000	3562.500	-0.014
7010.000	20.000	3531.250	-0.028
7020.000	20.000	3531.250	-0.028
