% Time (s)	Gyro Output (rads/s)	Input Rate (RPM)	%8/25/20221:33 PM
0.000	0.000	0.000
4108.540	0.010	0.000
4108.550	0.010	0.000
4108.560	0.010	0.000
4108.570	0.010	0.000
4108.580	0.010	0.000
4108.590	0.010	0.000
4108.600	0.010	0.000
4108.610	0.010	0.000
4108.620	0.010	0.000
4108.630	0.010	0.000
4108.640	0.010	0.000
4108.650	0.010	0.000
4108.660	0.010	0.000
4108.670	0.010	0.000
4108.680	0.010	0.000
4108.690	0.010	0.000
4108.700	0.010	0.073
4108.710	0.010	0.366
4108.720	-0.050	0.366
4108.730	-0.050	0.586
4108.740	-0.050	1.245
4108.750	-0.140	1.245
4108.760	-0.140	1.538
4108.770	-0.140	2.124
4108.780	-0.240	2.124
4108.790	-0.240	2.490
4108.800	-0.240	3.223
4108.810	-0.330	3.223
4108.820	-0.330	3.589
4108.830	-0.330	3.882
4108.840	-0.410	3.882
4108.850	-0.410	4.175
4108.860	-0.410	4.980
4108.870	-0.500	4.980
4108.880	-0.500	5.273
4108.890	-0.500	5.933
4108.900	-0.590	5.933
4108.910	-0.590	6.079
4108.920	-0.590	7.031
4108.930	-0.670	7.031
4108.940	-0.670	7.397
4108.950	-0.670	7.690
4108.960	-0.780	7.690
4108.970	-0.780	8.203
4108.980	-0.780	8.862
4108.990	-0.860	8.862
4109.000	-0.860	9.375
4109.010	-0.860	9.961
4109.020	-0.950	9.961
4109.030	-0.950	10.181
4109.040	-0.950	10.693
4109.050	-1.050	10.693
4109.060	-1.050	11.426
4109.070	-1.050	11.719
4109.080	-1.120	11.719
4109.090	-1.120	12.158
4109.100	-1.120	12.964
4109.110	-1.210	12.964
4109.120	-1.210	12.891
4109.130	-1.210	13.696
4109.140	-1.270	13.696
4109.150	-1.270	13.916
4109.160	-1.270	14.502
4109.170	-1.360	14.502
4109.180	-1.360	15.088
4109.190	-1.360	15.454
4109.200	-1.430	15.454
4109.210	-1.430	15.527
4109.220	-1.430	16.040
4109.230	-1.520	16.040
4109.240	-1.520	16.333
4109.250	-1.520	16.699
4109.260	-1.570	16.699
4109.270	-1.570	17.065
4109.280	-1.570	17.505
4109.290	-1.640	17.505
4109.300	-1.640	17.725
4109.310	-1.640	18.018
4109.320	-1.680	18.264
4109.330	-1.680	18.410
4109.340	-1.680	18.557
4109.350	-1.750	18.850
4109.360	-1.750	19.200
4109.370	-1.750	19.273
4109.380	-1.810	19.300
4109.390	-1.810	19.739
4109.400	-1.810	19.886
4109.410	-1.850	20.179
4109.420	-1.850	20.608
4109.430	-1.850	20.827
4109.440	-1.910	20.914
4109.450	-1.910	20.841
4109.460	-1.910	21.003
4109.470	-1.960	21.150
4109.480	-1.960	21.823
4109.490	-1.960	21.677
4109.500	-2.000	21.823
4109.510	-2.000	21.750
4109.520	-2.000	21.807
4109.530	-2.010	21.880
4109.540	-2.010	22.420
4109.550	-2.010	22.713
4109.560	-2.060	22.846
4109.570	-2.060	22.773
4109.580	-2.060	22.586
4109.590	-2.090	22.806
4109.600	-2.090	23.294
4109.610	-2.090	23.440
4109.620	-2.120	23.440
4109.630	-2.120	23.587
4109.640	-2.120	23.546
4109.650	-2.150	23.546
4109.660	-2.150	23.633
4109.670	-2.150	23.999
4109.680	-2.160	23.999
4109.690	-2.160	23.999
4109.700	-2.160	23.950
4109.710	-2.170	23.950
4109.720	-2.170	24.097
4109.730	-2.170	24.023
4109.740	-2.170	24.023
4109.750	-2.170	24.097
4109.760	-2.170	24.097
4109.770	-2.180	24.097
4109.780	-2.180	24.170
4109.790	-2.180	24.390
4109.800	-2.120	24.390
4109.810	-2.120	24.390
4109.820	-2.120	24.463
4109.830	-2.190	24.463
4109.840	-2.190	24.463
4109.850	-2.190	24.316
4109.860	-2.180	24.316
4109.870	-2.180	24.463
4109.880	-2.180	24.243
4109.890	-2.170	24.243
4109.900	-2.170	24.023
4109.910	-2.170	23.950
4109.920	-2.160	23.950
4109.930	-2.160	23.877
4109.940	-2.160	23.877
4109.950	-2.130	23.877
4109.960	-2.130	23.730
4109.970	-2.130	23.511
4109.980	-2.110	23.511
4109.990	-2.110	23.364
4110.000	-2.110	23.218
4110.010	-2.070	23.145
4110.020	-2.070	23.071
4110.030	-2.070	22.998
4110.040	-2.040	22.998
4110.050	-2.040	22.632
4110.060	-2.040	22.559
4110.070	-2.000	22.412
4110.080	-2.000	22.339
4110.090	-2.000	22.119
4110.100	-1.970	22.192
4110.110	-1.970	21.826
4110.120	-1.970	21.826
4110.130	-1.930	21.680
4110.140	-1.930	21.460
4110.150	-1.930	21.533
4110.160	-1.890	21.387
4110.170	-1.890	21.313
4110.180	-1.890	20.801
4110.190	-1.850	21.021
4110.200	-1.850	20.508
4110.210	-1.850	20.654
4110.220	-1.790	20.435
4110.230	-1.790	20.068
4110.240	-1.790	19.849
4110.250	-1.740	19.482
4110.260	-1.740	19.409
4110.270	-1.740	19.263
4110.280	-1.680	19.263
4110.290	-1.680	19.019
4110.300	-1.680	18.652
4110.310	-1.610	18.652
4110.320	-1.610	18.359
4110.330	-1.610	17.993
4110.340	-1.560	17.993
4110.350	-1.560	17.993
4110.360	-1.560	17.187
4110.370	-1.500	17.187
4110.380	-1.500	17.187
4110.390	-1.500	16.479
4110.400	-1.430	16.479
4110.410	-1.430	16.113
4110.420	-1.430	15.527
4110.430	-1.350	15.661
4110.440	-1.350	15.294
4110.450	-1.350	14.708
4110.460	-1.260	14.855
4110.470	-1.260	14.269
4110.480	-1.260	13.976
4110.490	-1.190	13.756
4110.500	-1.190	13.536
4110.510	-1.190	13.097
4110.520	-1.120	13.170
4110.530	-1.120	12.524
4110.540	-1.120	12.378
4110.550	-1.040	12.231
4110.560	-1.040	11.865
4110.570	-1.040	11.426
4110.580	-0.950	11.206
4110.590	-0.950	11.133
4110.600	-0.950	10.547
4110.610	-0.850	10.474
4110.620	-0.850	9.814
4110.630	-0.850	9.668
4110.640	-0.770	9.302
4110.650	-0.770	8.936
4110.660	-0.770	8.569
4110.670	-0.670	8.496
4110.680	-0.670	7.894
4110.690	-0.670	7.381
4110.700	-0.570	7.035
4110.710	-0.570	6.742
4110.720	-0.570	6.669
4110.730	-0.480	6.303
4110.740	-0.480	5.757
4110.750	-0.480	5.464
4110.760	-0.360	5.131
4110.770	-0.360	4.692
4110.780	-0.360	4.342
4110.790	-0.280	4.122
4110.800	-0.280	3.663
4110.810	-0.280	3.077
4110.820	-0.160	2.637
4110.830	-0.160	2.271
4110.840	-0.160	1.864
4110.850	-0.050	1.498
4110.860	-0.050	1.099
4110.870	-0.050	0.732
4110.880	0.030	0.446
4110.890	0.030	0.080
4110.900	0.030	-0.140
4110.910	0.150	-0.506
4110.920	0.150	-0.799
4110.930	0.150	-1.312
4110.940	0.260	-1.751
4110.950	0.260	-2.158
4110.960	0.260	-2.524
4110.970	0.360	-2.917
4110.980	0.360	-3.436
4110.990	0.360	-4.022
4111.000	0.460	-4.315
4111.010	0.460	-4.584
4111.020	0.460	-5.023
4111.030	0.560	-5.383
4111.040	0.560	-5.529
4111.050	0.560	-6.001
4111.060	0.650	-6.587
4111.070	0.650	-6.772
4111.080	0.650	-7.139
4111.090	0.770	-7.272
4111.100	0.770	-7.890
4111.110	0.770	-8.794
4111.120	0.880	-8.794
4111.130	0.880	-9.240
4111.140	0.880	-10.119
4111.150	0.980	-10.119
4111.160	0.980	-10.119
4111.170	0.980	-10.666
4111.180	1.070	-10.959
4111.190	1.070	-11.558
4111.200	1.070	-11.526
4111.210	1.160	-11.745
4111.220	1.160	-12.405
4111.230	1.160	-12.543
4111.240	1.230	-12.916
4111.250	1.230	-12.989
4111.260	1.230	-13.648
4111.270	1.320	-13.988
4111.280	1.320	-14.370
4111.290	1.320	-14.590
4111.300	1.420	-15.096
4111.310	1.420	-15.316
4111.320	1.420	-15.462
4111.330	1.520	-15.910
4111.340	1.520	-16.627
4111.350	1.520	-16.701
4111.360	1.600	-16.887
4111.370	1.600	-17.327
4111.380	1.600	-17.530
4111.390	1.680	-18.043
4111.400	1.680	-18.123
4111.410	1.680	-18.562
4111.420	1.780	-18.928
4111.430	1.780	-19.148
4111.440	1.780	-19.229
4111.450	1.870	-19.889
4111.460	1.870	-20.435
4111.470	1.870	-20.508
4111.480	1.950	-21.094
4111.490	1.950	-20.947
4111.500	1.950	-21.826
4111.510	2.050	-21.973
4111.520	2.050	-22.681
4111.530	2.050	-22.827
4111.540	2.130	-23.093
4111.550	2.130	-23.240
4111.560	2.130	-23.460
4111.570	2.210	-23.826
4111.580	2.210	-24.257
4111.590	2.210	-24.697
4111.600	2.310	-24.603
4111.610	2.310	-25.043
4111.620	2.310	-25.067
4111.630	2.380	-25.800
4111.640	2.380	-26.103
4111.650	2.380	-26.689
4111.660	2.480	-26.656
4111.670	2.480	-26.949
4111.680	2.480	-27.250
4111.690	2.550	-27.543
4111.700	2.550	-28.238
4111.710	2.550	-28.531
4111.720	2.640	-28.751
4111.730	2.640	-28.678
4111.740	2.640	-28.840
4111.750	2.710	-29.280
4111.760	2.710	-29.753
4111.770	2.710	-29.972
4111.780	2.790	-30.265
4111.790	2.790	-30.558
4111.800	2.790	-30.542
4111.810	2.870	-30.908
4111.820	2.870	-31.478
4111.830	2.870	-31.917
4111.840	2.940	-32.117
4111.850	2.940	-31.897
4111.860	2.940	-32.557
4111.870	3.010	-32.776
4111.880	3.010	-33.077
4111.890	3.010	-33.517
4111.900	3.090	-33.836
4111.910	3.090	-33.690
4111.920	3.090	-33.706
4111.930	3.150	-33.926
4111.940	3.150	-34.784
4111.950	3.150	-35.077
4111.960	3.200	-34.877
4111.970	3.200	-35.577
4111.980	3.200	-35.431
4111.990	3.250	-35.431
4112.000	3.250	-35.917
4112.010	3.250	-36.503
4112.020	3.310	-36.503
4112.030	3.310	-36.722
4112.040	3.310	-36.763
4112.050	3.360	-36.763
4112.060	3.360	-36.890
4112.070	3.360	-36.987
4112.080	3.400	-36.987
4112.090	3.400	-37.280
4112.100	3.400	-37.500
4112.110	3.430	-37.500
4112.120	3.430	-37.646
4112.130	3.430	-37.507
4112.140	3.460	-37.726
4112.150	3.460	-37.653
4112.160	3.460	-37.873
4112.170	3.490	-37.873
4112.180	3.490	-38.093
4112.190	3.490	-38.312
4112.200	3.520	-38.166
4112.210	3.520	-38.459
4112.220	3.520	-38.239
4112.230	3.540	-38.599
4112.240	3.540	-38.965
4112.250	3.540	-38.965
4112.260	3.550	-39.038
4112.270	3.550	-38.965
4112.280	3.550	-38.818
4112.290	3.560	-38.892
4112.300	3.560	-39.111
4112.310	3.560	-39.111
4112.320	3.560	-39.111
4112.330	3.560	-39.111
4112.340	3.560	-38.818
4112.350	3.560	-38.965
4112.360	3.560	-39.111
4112.370	3.560	-39.111
4112.380	3.540	-39.111
4112.390	3.540	-39.038
4112.400	3.540	-38.745
4112.410	3.530	-38.892
4112.420	3.530	-39.038
4112.430	3.530	-38.818
4112.440	3.500	-38.892
4112.450	3.500	-38.672
4112.460	3.500	-38.379
4112.470	3.490	-38.525
4112.480	3.490	-38.525
4112.490	3.490	-38.306
4112.500	3.460	-38.452
4112.510	3.460	-38.013
4112.520	3.460	-37.866
4112.530	3.430	-38.159
4112.540	3.430	-37.720
4112.550	3.430	-37.793
4112.560	3.400	-37.646
4112.570	3.400	-37.769
4112.580	3.400	-37.476
4112.590	3.360	-37.476
4112.600	3.360	-37.256
4112.610	3.360	-37.329
4112.620	3.320	-37.329
4112.630	3.320	-36.670
4112.640	3.320	-36.450
4112.650	3.270	-36.450
4112.660	3.270	-36.743
4112.670	3.270	-35.742
4112.680	3.210	-35.742
4112.690	3.210	-35.596
4112.700	3.210	-35.396
4112.710	3.160	-35.030
4112.720	3.160	-34.590
4112.730	3.160	-34.590
4112.740	3.100	-34.664
4112.750	3.100	-34.297
4112.760	3.100	-33.565
4112.770	3.050	-34.078
4112.780	3.050	-33.565
4112.790	3.050	-33.272
4112.800	2.980	-33.252
4112.810	2.980	-33.105
4112.820	2.980	-32.739
4112.830	2.920	-32.666
4112.840	2.920	-31.934
4112.850	2.920	-32.007
4112.860	2.840	-32.080
4112.870	2.840	-31.519
4112.880	2.840	-31.519
4112.890	2.770	-31.432
4112.900	2.770	-30.700
4112.910	2.770	-30.480
4112.920	2.700	-30.626
4112.930	2.700	-30.342
4112.940	2.700	-30.195
4112.950	2.630	-29.582
4112.960	2.630	-29.070
4112.970	2.630	-28.972
4112.980	2.540	-28.533
4112.990	2.540	-28.253
4113.000	2.540	-28.107
4113.010	2.460	-27.887
4113.020	2.460	-27.512
4113.030	2.460	-26.992
4113.040	2.390	-26.799
4113.050	2.390	-26.605
4113.060	2.390	-26.679
4113.070	2.290	-25.873
4113.080	2.290	-26.158
4113.090	2.290	-25.372
4113.100	2.200	-25.372
4113.110	2.200	-25.095
4113.120	2.200	-24.664
4113.130	2.120	-24.171
4113.140	2.120	-23.852
4113.150	2.120	-23.559
4113.160	2.030	-22.973
4113.170	2.030	-22.818
4113.180	2.030	-22.094
4113.190	1.950	-22.094
4113.200	1.950	-21.508
4113.210	1.950	-21.199
4113.220	1.820	-20.613
4113.230	1.820	-20.813
4113.240	1.820	-20.153
4113.250	1.750	-19.974
4113.260	1.750	-19.681
4113.270	1.750	-19.103
4113.280	1.630	-18.663
4113.290	1.630	-18.497
4113.300	1.630	-18.131
4113.310	1.540	-17.618
4113.320	1.540	-17.577
4113.330	1.540	-16.845
4113.340	1.440	-16.559
4113.350	1.440	-16.299
4113.360	1.440	-15.640
4113.370	1.330	-15.420
4113.380	1.330	-15.444
4113.390	1.330	-14.639
4113.400	1.220	-14.293
4113.410	1.220	-13.853
4113.420	1.220	-13.454
4113.430	1.110	-12.868
4113.440	1.110	-12.772
4113.450	1.110	-12.186
4113.460	1.000	-12.073
4113.470	1.000	-11.560
4113.480	1.000	-10.665
4113.490	0.890	-10.665
4113.500	0.890	-10.133
4113.510	0.890	-9.473
4113.520	0.790	-9.473
4113.530	0.790	-9.180
4113.540	0.790	-8.464
4113.550	0.680	-8.245
4113.560	0.680	-7.625
4113.570	0.680	-7.332
4113.580	0.560	-7.031
4113.590	0.560	-6.738
4113.600	0.560	-6.445
4113.610	0.460	-5.826
4113.620	0.460	-5.167
4113.630	0.460	-4.614
4113.640	0.360	-4.614
4113.650	0.360	-4.174
4113.660	0.360	-3.735
4113.670	0.280	-3.735
4113.680	0.280	-3.442
4113.690	0.280	-2.489
4113.700	0.200	-2.489
4113.710	0.200	-2.303
4113.720	0.200	-1.864
4113.730	0.110	-1.864
4113.740	0.110	-1.538
4113.750	0.110	-0.879
4113.760	0.010	-0.879
4113.770	0.010	-0.513
4113.780	0.010	0.220
4113.790	-0.080	0.220
4113.800	-0.080	0.513
4113.810	-0.080	0.952
4113.820	-0.170	1.285
4113.830	-0.170	1.578
4113.840	-0.170	1.798
4113.850	-0.240	2.091
4113.860	-0.240	2.343
4113.870	-0.240	2.563
4113.880	-0.310	2.882
4113.890	-0.310	3.322
4113.900	-0.310	3.542
4113.910	-0.400	3.688
4113.920	-0.400	3.925
4113.930	-0.400	4.437
4113.940	-0.460	4.684
4113.950	-0.460	4.904
4113.960	-0.460	5.164
4113.970	-0.540	5.823
4113.980	-0.540	6.089
4113.990	-0.540	6.089
4114.000	-0.630	6.516
4114.010	-0.630	6.735
4114.020	-0.630	6.752
4114.030	-0.690	7.118
4114.040	-0.690	7.628
4114.050	-0.690	7.994
4114.060	-0.780	8.274
4114.070	-0.780	8.054
4114.080	-0.780	8.567
4114.090	-0.830	8.860
4114.100	-0.830	9.297
4114.110	-0.830	9.516
4114.120	-0.920	9.863
4114.130	-0.920	10.009
4114.140	-0.920	10.131
4114.150	-0.980	10.424
4114.160	-0.980	10.584
4114.170	-0.980	11.316
4114.180	-1.070	11.463
4114.190	-1.070	11.536
4114.200	-1.070	11.552
4114.210	-1.120	12.065
4114.220	-1.120	12.524
4114.230	-1.120	12.378
4114.240	-1.190	12.964
4114.250	-1.190	13.184
4114.260	-1.190	13.403
4114.270	-1.260	13.623
4114.280	-1.260	13.550
4114.290	-1.260	13.989
4114.300	-1.310	14.355
4114.310	-1.310	14.429
4114.320	-1.310	14.575
4114.330	-1.380	15.161
4114.340	-1.380	14.941
4114.350	-1.380	15.161
4114.360	-1.440	15.747
4114.370	-1.440	15.674
4114.380	-1.440	15.820
4114.390	-1.480	16.260
4114.400	-1.480	16.528
4114.410	-1.480	16.528
4114.420	-1.540	16.788
4114.430	-1.540	16.934
4114.440	-1.540	17.227
4114.450	-1.590	17.447
4114.460	-1.590	17.301
4114.470	-1.590	17.740
4114.480	-1.640	18.180
4114.490	-1.640	18.033
4114.500	-1.640	17.984
4114.510	-1.680	18.350
4114.520	-1.680	18.604
4114.530	-1.680	18.750
4114.540	-1.730	19.043
4114.550	-1.730	19.189
4114.560	-1.730	19.189
4114.570	-1.780	19.409
4114.580	-1.780	20.020
4114.590	-1.780	20.020
4114.600	-1.820	19.980
4114.610	-1.820	20.273
4114.620	-1.820	20.273
4114.630	-1.840	20.346
4114.640	-1.840	20.346
4114.650	-1.840	20.273
4114.660	-1.890	20.932
4114.670	-1.890	20.566
4114.680	-1.890	21.005
4114.690	-1.910	20.688
4114.700	-1.910	21.094
4114.710	-1.910	21.167
4114.720	-1.940	21.313
4114.730	-1.940	21.460
4114.740	-1.940	21.533
4114.750	-1.970	21.899
4114.760	-1.970	21.606
4114.770	-1.970	21.973
4114.780	-1.980	21.826
4114.790	-1.980	22.046
4114.800	-1.980	21.826
4114.810	-2.000	22.119
4114.820	-2.000	21.973
4114.830	-2.000	22.192
4114.840	-2.030	22.192
4114.850	-2.030	22.266
4114.860	-2.030	22.412
4114.870	-2.050	22.559
4114.880	-2.050	22.632
4114.890	-2.050	22.559
4114.900	-2.040	22.778
4114.910	-2.040	22.632
4114.920	-2.040	22.852
4114.930	-2.050	22.778
4114.940	-2.050	22.852
4114.950	-2.050	22.852
4114.960	-2.060	22.998
4114.970	-2.060	22.852
4114.980	-2.060	22.925
4114.990	-2.060	22.998
4115.000	-2.060	23.332
4115.010	-2.060	23.185
4115.020	-2.060	23.112
4115.030	-2.060	23.039
4115.040	-2.060	23.112
4115.050	-2.060	22.892
4115.060	-2.060	23.153
4115.070	-2.060	23.006
4115.080	-2.060	22.933
4115.090	-2.060	22.786
4115.100	-2.060	22.599
4115.110	-2.030	22.333
4115.120	-2.030	22.479
4115.130	-2.030	22.333
4115.140	-2.020	22.406
4115.150	-2.020	22.642
4115.160	-2.020	22.382
4115.170	-2.000	22.255
4115.180	-2.000	22.255
4115.190	-2.000	22.182
4115.200	-1.970	22.036
4115.210	-1.970	22.546
4115.220	-1.970	22.253
4115.230	-1.940	22.193
4115.240	-1.940	21.680
4115.250	-1.940	21.518
4115.260	-1.910	21.151
4115.270	-1.910	21.351
4115.280	-1.910	21.205
4115.290	-1.880	21.278
4115.300	-1.880	21.286
4115.310	-1.880	20.822
4115.320	-1.850	20.702
4115.330	-1.850	20.323
4115.340	-1.850	20.616
4115.350	-1.810	20.323
4115.360	-1.810	20.624
4115.370	-1.810	20.038
4115.380	-1.770	20.038
4115.390	-1.770	19.818
4115.400	-1.770	19.297
4115.410	-1.710	19.297
4115.420	-1.710	19.271
4115.430	-1.710	18.962
4115.440	-1.650	18.962
4115.450	-1.650	18.888
4115.460	-1.650	18.075
4115.470	-1.590	18.075
4115.480	-1.590	17.928
4115.490	-1.590	17.635
4115.500	-1.540	17.635
4115.510	-1.540	17.122
4115.520	-1.540	17.196
4115.530	-1.470	17.196
4115.540	-1.470	16.406
4115.550	-1.470	16.113
4115.560	-1.410	16.113
4115.570	-1.410	15.674
4115.580	-1.410	15.088
4115.590	-1.310	15.088
4115.600	-1.310	14.795
4115.610	-1.310	14.355
4115.620	-1.220	14.355
4115.630	-1.220	14.062
4115.640	-1.220	13.403
4115.650	-1.170	13.403
4115.660	-1.170	12.891
4115.670	-1.170	13.037
4115.680	-1.060	12.291
4115.690	-1.060	12.145
4115.700	-1.060	11.852
4115.710	-0.970	11.632
4115.720	-0.970	11.193
4115.730	-0.970	10.534
4115.740	-0.880	10.647
4115.750	-0.880	10.061
4115.760	-0.880	9.768
4115.770	-0.780	9.402
4115.780	-0.780	9.187
4115.790	-0.780	8.748
4115.800	-0.680	8.515
4115.810	-0.680	8.075
4115.820	-0.680	7.562
4115.830	-0.600	7.416
4115.840	-0.600	7.083
4115.850	-0.600	6.717
4115.860	-0.480	6.317
4115.870	-0.480	5.731
4115.880	-0.480	5.373
4115.890	-0.380	5.080
4115.900	-0.380	4.703
4115.910	-0.380	4.410
4115.920	-0.260	4.097
4115.930	-0.260	3.658
4115.940	-0.260	3.072
4115.950	-0.160	2.706
4115.960	-0.160	2.446
4115.970	-0.160	2.080
4115.980	-0.060	1.787
4115.990	-0.060	1.420
4116.000	-0.060	0.786
4116.010	0.050	0.419
4116.020	0.050	0.000
4116.030	0.050	-0.293
4116.040	0.160	-0.732
4116.050	0.160	-1.245
4116.060	0.160	-1.758
4116.070	0.260	-2.051
4116.080	0.260	-2.344
4116.090	0.260	-2.710
4116.100	0.360	-3.003
4116.110	0.360	-3.516
4116.120	0.360	-3.882
4116.130	0.480	-4.248
4116.140	0.480	-4.614
4116.150	0.480	-5.054
4116.160	0.570	-5.273
4116.170	0.570	-5.566
4116.180	0.570	-6.152
4116.190	0.670	-6.592
4116.200	0.670	-6.885
4116.210	0.670	-7.397
4116.220	0.760	-7.544
4116.230	0.760	-7.837
4116.240	0.760	-8.203
4116.250	0.840	-8.276
4116.260	0.840	-8.862
4116.270	0.840	-9.082
4116.280	0.920	-9.375
4116.290	0.920	-9.595
4116.300	0.920	-10.107
4116.310	1.000	-10.107
4116.320	1.000	-10.547
4116.330	1.000	-10.913
4116.340	1.070	-11.353
4116.350	1.070	-11.426
4116.360	1.070	-11.572
4116.370	1.150	-11.938
4116.380	1.150	-12.305
4116.390	1.150	-12.378
4116.400	1.220	-12.671
4116.410	1.220	-13.184
4116.420	1.220	-13.257
4116.430	1.310	-13.623
4116.440	1.310	-13.843
4116.450	1.310	-14.136
4116.460	1.390	-14.429
4116.470	1.390	-14.982
4116.480	1.390	-15.548
4116.490	1.460	-15.963
4116.500	1.460	-15.670
4116.510	1.460	-15.670
4116.520	1.510	-16.156
4116.530	1.510	-16.636
4116.540	1.510	-16.636
4116.550	1.580	-16.916
4116.560	1.580	-17.062
4116.570	1.580	-17.022
4116.580	1.650	-17.754
4116.590	1.650	-17.701
4116.600	1.650	-17.652
4116.610	1.710	-18.696
4116.620	1.710	-18.696
4116.630	1.710	-18.989
4116.640	1.790	-18.915
4116.650	1.790	-19.514
4116.660	1.790	-19.514
4116.670	1.830	-19.747
4116.680	1.830	-19.601
4116.690	1.830	-20.187
4116.700	1.910	-20.406
4116.710	1.910	-20.870
4116.720	1.910	-21.025
4116.730	1.940	-20.832
4116.740	1.940	-21.557
4116.750	1.940	-21.410
4116.760	2.020	-21.843
4116.770	2.020	-21.830
4116.780	2.020	-22.269
4116.790	2.060	-22.123
4116.800	2.060	-22.684
4116.810	2.060	-22.513
4116.820	2.110	-22.640
4116.830	2.110	-22.906
4116.840	2.110	-23.020
4116.850	2.170	-23.240
4116.860	2.170	-23.466
4116.870	2.170	-23.686
4116.880	2.180	-23.979
4116.890	2.180	-24.199
4116.900	2.180	-24.003
4116.910	2.250	-24.150
4116.920	2.250	-24.316
4116.930	2.250	-24.609
4116.940	2.290	-24.463
4116.950	2.290	-24.756
4116.960	2.290	-24.829
4116.970	2.300	-25.342
4116.980	2.300	-25.049
4116.990	2.300	-25.635
4117.000	2.360	-25.708
4117.010	2.360	-25.928
4117.020	2.360	-25.781
4117.030	2.390	-26.074
4117.040	2.390	-26.221
4117.050	2.390	-26.147
4117.060	2.420	-26.733
4117.070	2.420	-26.367
4117.080	2.420	-26.733
4117.090	2.440	-26.440
4117.100	2.440	-26.587
4117.110	2.440	-26.660
4117.120	2.470	-27.100
4117.130	2.470	-27.246
4117.140	2.470	-27.173
4117.150	2.510	-27.466
4117.160	2.510	-27.026
4117.170	2.510	-27.393
4117.180	2.530	-27.759
4117.190	2.530	-27.759
4117.200	2.530	-27.905
4117.210	2.540	-27.905
4117.220	2.540	-27.979
4117.230	2.540	-28.198
4117.240	2.540	-28.098
4117.250	2.540	-28.098
4117.260	2.540	-28.172
4117.270	2.560	-28.245
4117.280	2.560	-28.513
4117.290	2.560	-28.513
4117.300	2.570	-28.387
4117.310	2.570	-28.460
4117.320	2.570	-28.387
4117.330	2.590	-28.387
4117.340	2.590	-28.560
4117.350	2.590	-28.487
4117.360	2.590	-28.926
4117.370	2.590	-28.780
4117.380	2.590	-28.218
4117.390	2.600	-28.438
4117.400	2.600	-28.491
4117.410	2.600	-28.784
4117.420	2.580	-28.638
4117.430	2.580	-28.662
4117.440	2.580	-28.735
4117.450	2.570	-28.622
4117.460	2.570	-28.549
4117.470	2.570	-28.549
4117.480	2.570	-28.549
4117.490	2.570	-28.402
4117.500	2.570	-28.476
4117.510	2.570	-28.476
4117.520	2.570	-28.695
4117.530	2.570	-28.378
4117.540	2.550	-28.378
4117.550	2.550	-28.491
4117.560	2.550	-28.345
4117.570	2.550	-28.345
4117.580	2.550	-28.085
4117.590	2.550	-28.085
4117.600	2.530	-28.085
4117.610	2.530	-28.012
4117.620	2.530	-27.646
4117.630	2.500	-27.646
4117.640	2.500	-27.499
4117.650	2.500	-27.426
4117.660	2.470	-27.206
4117.670	2.470	-27.279
4117.680	2.470	-27.466
4117.690	2.440	-27.393
4117.700	2.440	-27.246
4117.710	2.440	-26.807
4117.720	2.420	-26.880
4117.730	2.420	-26.733
4117.740	2.420	-26.733
4117.750	2.400	-26.953
4117.760	2.400	-26.367
4117.770	2.400	-26.440
4117.780	2.360	-26.147
4117.790	2.360	-26.074
4117.800	2.360	-25.854
4117.810	2.300	-25.928
4117.820	2.300	-25.635
4117.830	2.300	-25.342
4117.840	2.260	-25.342
4117.850	2.260	-24.829
4117.860	2.260	-24.902
4117.870	2.210	-24.536
4117.880	2.210	-24.536
4117.890	2.210	-24.316
4117.900	2.170	-24.316
4117.910	2.170	-23.804
4117.920	2.170	-23.877
4117.930	2.110	-23.804
4117.940	2.110	-23.437
4117.950	2.110	-23.218
4117.960	2.060	-23.145
4117.970	2.060	-22.795
4117.980	2.060	-22.795
4117.990	1.990	-22.588
4118.000	1.990	-22.149
4118.010	1.990	-22.295
4118.020	1.920	-21.856
4118.030	1.920	-21.563
4118.040	1.920	-21.123
4118.050	1.870	-21.050
4118.060	1.870	-20.757
4118.070	1.870	-20.521
4118.080	1.780	-20.521
4118.090	1.780	-20.068
4118.100	1.780	-19.482
4118.110	1.740	-19.482
4118.120	1.740	-19.336
4118.130	1.740	-18.823
4118.140	1.620	-18.823
4118.150	1.620	-18.530
4118.160	1.620	-17.505
4118.170	1.560	-17.505
4118.180	1.560	-17.065
4118.190	1.560	-16.626
4118.200	1.470	-16.626
4118.210	1.470	-16.260
4118.220	1.470	-15.454
4118.230	1.360	-15.454
4118.240	1.360	-15.527
4118.250	1.360	-14.575
4118.260	1.270	-14.575
4118.270	1.270	-14.355
4118.280	1.270	-13.696
4118.290	1.200	-13.696
4118.300	1.200	-13.477
4118.310	1.200	-12.451
4118.320	1.090	-12.451
4118.330	1.090	-12.451
4118.340	1.090	-11.426
4118.350	0.990	-11.426
4118.360	0.990	-11.133
4118.370	0.990	-10.620
4118.380	0.890	-10.620
4118.390	0.890	-10.034
4118.400	0.890	-9.448
4118.410	0.790	-9.448
4118.420	0.790	-9.082
4118.430	0.790	-8.130
4118.440	0.680	-8.130
4118.450	0.680	-8.130
4118.460	0.680	-7.544
4118.470	0.570	-7.138
4118.480	0.570	-6.479
4118.490	0.570	-6.186
4118.500	0.470	-5.966
4118.510	0.470	-5.380
4118.520	0.470	-4.867
4118.530	0.350	-4.574
4118.540	0.350	-4.159
4118.550	0.350	-3.573
4118.560	0.240	-3.267
4118.570	0.240	-3.014
4118.580	0.240	-2.721
4118.590	0.120	-2.208
4118.600	0.120	-1.850
4118.610	0.120	-1.557
4118.620	0.030	-1.204
4118.630	0.030	-0.838
4118.640	0.030	-0.448
4118.650	-0.050	-0.008
4118.660	-0.050	0.288
4118.670	-0.050	0.654
4118.680	-0.140	1.000
4118.690	-0.140	1.293
4118.700	-0.140	1.668
4118.710	-0.230	1.961
4118.720	-0.230	2.397
4118.730	-0.230	2.763
4118.740	-0.320	2.950
4118.750	-0.320	3.096
4118.760	-0.320	3.373
4118.770	-0.410	3.739
4118.780	-0.410	4.646
4118.790	-0.410	4.646
4118.800	-0.490	4.819
4118.810	-0.490	5.259
4118.820	-0.490	5.421
4118.830	-0.560	5.568
4118.840	-0.560	5.967
4118.850	-0.560	6.659
4118.860	-0.650	6.952
4118.870	-0.650	7.245
4118.880	-0.650	7.164
4118.890	-0.730	7.383
4118.900	-0.730	7.869
4118.910	-0.730	8.089
4118.920	-0.800	8.309
4118.930	-0.800	8.748
4118.940	-0.800	8.822
4118.950	-0.880	9.082
4118.960	-0.880	9.375
4118.970	-0.880	9.668
4118.980	-0.940	9.888
4118.990	-0.940	10.327
4119.000	-0.940	10.547
4119.010	-1.020	10.986
4119.020	-1.020	10.986
4119.030	-1.020	11.426
4119.040	-1.100	11.792
4119.050	-1.100	11.938
4119.060	-1.100	11.938
4119.070	-1.170	12.378
4119.080	-1.170	12.817
4119.090	-1.170	12.891
4119.100	-1.250	13.403
4119.110	-1.250	13.330
4119.120	-1.250	13.843
4119.130	-1.320	13.989
4119.140	-1.320	14.209
4119.150	-1.320	14.282
4119.160	-1.430	15.015
4119.170	-1.430	14.868
4119.180	-1.430	15.088
4119.190	-1.450	15.674
4119.200	-1.450	15.527
4119.210	-1.450	15.820
4119.220	-1.500	16.406
4119.230	-1.500	16.553
4119.240	-1.500	16.553
4119.250	-1.560	16.992
4119.260	-1.560	17.065
4119.270	-1.560	17.505
4119.280	-1.620	17.798
4119.290	-1.620	17.505
4119.300	-1.620	17.944
4119.310	-1.670	18.311
4119.320	-1.670	18.237
4119.330	-1.670	18.457
4119.340	-1.710	18.750
4119.350	-1.710	18.823
4119.360	-1.710	18.970
4119.370	-1.760	19.263
4119.380	-1.760	19.336
4119.390	-1.760	19.775
4119.400	-1.820	19.995
4119.410	-1.820	19.849
4119.420	-1.820	20.068
4119.430	-1.860	20.068
4119.440	-1.860	20.581
4119.450	-1.860	20.581
4119.460	-1.910	20.947
4119.470	-1.910	20.801
4119.480	-1.910	21.021
4119.490	-1.950	21.313
4119.500	-1.950	21.313
4119.510	-1.950	21.753
4119.520	-1.970	21.680
4119.530	-1.970	21.973
4119.540	-1.970	21.826
4119.550	-2.000	22.266
4119.560	-2.000	21.826
4119.570	-2.000	22.266
4119.580	-2.030	22.192
4119.590	-2.030	22.339
4119.600	-2.030	22.266
4119.610	-2.040	22.559
4119.620	-2.040	22.559
4119.630	-2.040	22.778
4119.640	-2.070	22.925
4119.650	-2.070	22.852
4119.660	-2.070	23.145
4119.670	-2.090	23.291
4119.680	-2.090	23.218
4119.690	-2.090	23.291
4119.700	-2.110	23.511
4119.710	-2.110	23.437
4119.720	-2.110	23.511
4119.730	-2.130	23.584
4119.740	-2.130	23.942
4119.750	-2.130	23.942
4119.760	-2.130	23.809
4119.770	-2.130	23.662
4119.780	-2.130	23.882
4119.790	-2.130	24.102
4119.800	-2.130	23.809
4119.810	-2.130	23.955
4119.820	-2.140	23.955
4119.830	-2.140	24.029
4119.840	-2.140	24.102
4119.850	-2.140	23.890
4119.860	-2.140	24.023
4119.870	-2.140	24.097
4119.880	-2.140	24.170
4119.890	-2.140	23.877
4119.900	-2.140	24.170
4119.910	-2.140	24.023
4119.920	-2.140	24.097
4119.930	-2.140	23.804
4119.940	-2.130	24.023
4119.950	-2.130	23.804
4119.960	-2.130	23.877
4119.970	-2.110	23.730
4119.980	-2.110	23.657
4119.990	-2.110	23.657
4120.000	-2.110	23.657
4120.010	-2.110	23.437
4120.020	-2.110	23.511
4120.030	-2.100	23.584
4120.040	-2.100	23.291
4120.050	-2.100	23.291
4120.060	-2.070	23.218
4120.070	-2.070	23.218
4120.080	-2.070	22.998
4120.090	-2.050	22.998
4120.100	-2.050	22.852
4120.110	-2.050	23.071
4120.120	-2.030	22.592
4120.130	-2.030	22.519
4120.140	-2.030	22.445
4120.150	-2.000	22.372
4120.160	-2.000	22.454
4120.170	-2.000	22.307
4120.180	-1.970	22.254
4120.190	-1.970	22.034
4120.200	-1.970	21.961
4120.210	-1.930	21.521
4120.220	-1.930	22.098
4120.230	-1.930	21.586
4120.240	-1.890	21.599
4120.250	-1.890	21.086
4120.260	-1.890	21.005
4120.270	-1.850	20.712
4120.280	-1.850	21.075
4120.290	-1.850	20.855
4120.300	-1.800	20.529
4120.310	-1.800	20.309
4120.320	-1.800	19.772
4120.330	-1.750	20.065
4120.340	-1.750	20.035
4120.350	-1.750	20.108
4120.360	-1.700	19.642
4120.370	-1.700	19.203
4120.380	-1.700	18.967
4120.390	-1.650	18.820
4120.400	-1.650	18.650
4120.410	-1.650	18.430
4120.420	-1.610	18.430
4120.430	-1.610	18.137
4120.440	-1.610	17.348
4120.450	-1.550	17.348
4120.460	-1.550	17.448
4120.470	-1.550	16.715
4120.480	-1.490	16.715
4120.490	-1.490	16.715
4120.500	-1.490	16.113
4120.510	-1.420	16.113
4120.520	-1.420	16.113
4120.530	-1.420	15.308
4120.540	-1.340	15.308
4120.550	-1.340	15.454
4120.560	-1.340	14.795
4120.570	-1.290	14.795
4120.580	-1.290	14.575
4120.590	-1.290	14.282
4120.600	-1.210	13.869
4120.610	-1.210	13.650
4120.620	-1.210	13.283
4120.630	-1.130	13.137
4120.640	-1.130	13.283
4120.650	-1.130	12.624
4120.660	-1.050	12.305
4120.670	-1.050	12.012
4120.680	-1.050	11.865
4120.690	-0.970	11.426
4120.700	-0.970	11.041
4120.710	-0.970	11.261
4120.720	-0.880	10.675
4120.730	-0.880	10.406
4120.740	-0.880	9.820
4120.750	-0.790	9.467
4120.760	-0.790	9.201
4120.770	-0.790	8.981
4120.780	-0.720	8.615
4120.790	-0.720	8.168
4120.800	-0.720	7.427
4120.810	-0.590	7.427
4120.820	-0.590	7.134
4120.830	-0.590	6.377
4120.840	-0.520	6.377
4120.850	-0.520	6.311
4120.860	-0.520	5.944
4120.870	-0.380	5.285
4120.880	-0.380	4.992
4120.890	-0.380	4.634
4120.900	-0.300	4.122
4120.910	-0.300	3.902
4120.920	-0.300	3.682
4120.930	-0.200	3.389
4120.940	-0.200	2.803
4120.950	-0.200	2.344
4120.960	-0.080	1.978
4120.970	-0.080	1.685
4120.980	-0.080	1.392
4120.990	0.000	1.025
4121.000	0.000	0.659
4121.010	0.000	0.220
4121.020	0.110	-0.293
4121.030	0.110	-0.732
4121.040	0.110	-1.099
4121.050	0.220	-1.465
4121.060	0.220	-1.758
4121.070	0.220	-2.124
4121.080	0.320	-2.563
4121.090	0.320	-3.149
4121.100	0.320	-3.589
4121.110	0.400	-3.882
4121.120	0.400	-4.077
4121.130	0.400	-4.370
4121.140	0.520	-4.810
4121.150	0.520	-5.103
4121.160	0.520	-5.469
4121.170	0.610	-6.055
4121.180	0.610	-6.348
4121.190	0.610	-6.348
4121.200	0.730	-6.767
4121.210	0.730	-7.133
4121.220	0.730	-7.817
4121.230	0.830	-8.183
4121.240	0.830	-8.346
4121.250	0.830	-8.932
4121.260	0.920	-9.138
4121.270	0.920	-9.504
4121.280	0.920	-9.651
4121.290	0.980	-10.237
4121.300	0.980	-10.403
4121.310	0.980	-11.063
4121.320	1.060	-10.843
4121.330	1.060	-11.437
4121.340	1.060	-11.714
4121.350	1.140	-11.873
4121.360	1.140	-12.228
4121.370	1.140	-12.302
4121.380	1.210	-12.954
4121.390	1.210	-12.881
4121.400	1.210	-13.247
4121.410	1.280	-13.410
4121.420	1.280	-13.849
4121.430	1.280	-14.208
4121.440	1.360	-14.208
4121.450	1.360	-14.487
4121.460	1.360	-14.798
4121.470	1.420	-15.018
4121.480	1.420	-15.024
4121.490	1.420	-15.537
4121.500	1.500	-16.050
4121.510	1.500	-15.814
4121.520	1.500	-16.253
4121.530	1.560	-16.619
4121.540	1.560	-16.693
4121.550	1.560	-16.912
4121.560	1.640	-17.358
4121.570	1.640	-17.578
4121.580	1.640	-18.091
4121.590	1.710	-18.164
4121.600	1.710	-18.091
4121.610	1.710	-18.896
4121.620	1.770	-18.896
4121.630	1.770	-19.718
4121.640	1.770	-20.018
4121.650	1.840	-20.018
4121.660	1.840	-20.156
4121.670	1.840	-20.523
4121.680	1.900	-20.336
4121.690	1.900	-20.849
4121.700	1.900	-20.995
4121.710	1.980	-21.288
4121.720	1.980	-21.362
4121.730	1.980	-21.524
4121.740	2.020	-21.744
4121.750	2.020	-21.884
4121.760	2.020	-22.445
4121.770	2.110	-22.445
4121.780	2.110	-22.998
4121.790	2.110	-23.437
4121.800	2.150	-23.437
4121.810	2.150	-23.730
4121.820	2.150	-24.137
4121.830	2.230	-24.137
4121.840	2.230	-24.284
4121.850	2.230	-24.683
4121.860	2.260	-24.683
4121.870	2.260	-25.122
4121.880	2.260	-25.415
4121.890	2.330	-25.415
4121.900	2.330	-25.562
4121.910	2.330	-26.074
4121.920	2.400	-26.074
4121.930	2.400	-26.074
4121.940	2.400	-26.294
4121.950	2.430	-26.294
4121.960	2.430	-26.474
4121.970	2.430	-26.400
4121.980	2.490	-26.767
4121.990	2.490	-27.475
4122.000	2.490	-27.621
4122.010	2.540	-27.648
4122.020	2.540	-27.575
4122.030	2.540	-27.794
4122.040	2.590	-28.014
4122.050	2.590	-28.462
4122.060	2.590	-29.307
4122.070	2.620	-29.307
4122.080	2.620	-29.307
4122.090	2.620	-29.112
4122.100	2.670	-29.112
4122.110	2.670	-29.525
4122.120	2.670	-29.818
4122.130	2.720	-29.818
4122.140	2.720	-29.744
4122.150	2.720	-30.103
4122.160	2.740	-30.103
4122.170	2.740	-29.810
4122.180	2.740	-30.322
4122.190	2.770	-30.322
4122.200	2.770	-30.469
4122.210	2.770	-30.615
4122.220	2.810	-30.615
4122.230	2.810	-30.908
4122.240	2.810	-30.715
4122.250	2.850	-30.715
4122.260	2.850	-31.195
4122.270	2.850	-31.268
4122.280	2.880	-31.268
4122.290	2.880	-31.561
4122.300	2.880	-31.649
4122.310	2.900	-31.649
4122.320	2.900	-31.942
4122.330	2.900	-31.722
4122.340	2.900	-31.722
4122.350	2.900	-32.355
4122.360	2.900	-32.021
4122.370	2.920	-32.021
4122.380	2.920	-32.314
4122.390	2.920	-32.633
4122.400	2.930	-32.633
4122.410	2.930	-32.373
4122.420	2.930	-32.446
4122.430	2.960	-32.446
4122.440	2.960	-32.233
4122.450	2.960	-32.306
4122.460	2.960	-32.380
4122.470	2.960	-32.233
4122.480	2.960	-32.453
4122.490	2.960	-32.453
4122.500	2.960	-32.380
4122.510	2.960	-32.380
4122.520	2.940	-32.380
4122.530	2.940	-32.380
4122.540	2.940	-32.520
4122.550	2.930	-32.373
4122.560	2.930	-32.520
4122.570	2.930	-32.373
4122.580	2.930	-32.080
4122.590	2.930	-32.300
4122.600	2.930	-31.860
4122.610	2.910	-32.007
4122.620	2.910	-32.438
4122.630	2.910	-32.292
4122.640	2.890	-32.292
4122.650	2.890	-32.218
4122.660	2.890	-31.999
4122.670	2.850	-31.999
4122.680	2.850	-31.999
4122.690	2.850	-31.779
4122.700	2.820	-31.779
4122.710	2.820	-31.632
4122.720	2.820	-30.835
4122.730	2.790	-30.835
4122.740	2.790	-30.908
4122.750	2.790	-30.322
4122.760	2.750	-30.322
4122.770	2.750	-30.396
4122.780	2.750	-29.956
4122.790	2.690	-29.956
4122.800	2.690	-29.590
4122.810	2.690	-29.517
4122.820	2.630	-29.457
4122.830	2.630	-29.090
4122.840	2.630	-28.578
4122.850	2.590	-28.724
4122.860	2.590	-28.505
4122.870	2.590	-28.212
4122.880	2.530	-27.992
4122.890	2.530	-27.772
4122.900	2.530	-27.552
4122.910	2.430	-27.259
4122.920	2.430	-27.026
4122.930	2.430	-26.880
4122.940	2.370	-26.953
4122.950	2.370	-26.367
4122.960	2.370	-26.294
4122.970	2.310	-25.781
4122.980	2.310	-25.562
4122.990	2.310	-25.195
4123.000	2.190	-25.122
4123.010	2.190	-24.609
4123.020	2.190	-24.463
4123.030	2.140	-24.170
4123.040	2.140	-23.584
4123.050	2.140	-23.291
4123.060	2.050	-23.071
4123.070	2.050	-22.485
4123.080	2.050	-22.192
4123.090	1.940	-21.973
4123.100	1.940	-21.533
4123.110	1.940	-21.460
4123.120	1.860	-21.021
4123.130	1.860	-20.654
4123.140	1.860	-19.995
4123.150	1.730	-19.922
4123.160	1.730	-19.523
4123.170	1.730	-19.523
4123.180	1.650	-18.931
4123.190	1.650	-18.491
4123.200	1.650	-18.125
4123.210	1.520	-17.612
4123.220	1.520	-17.099
4123.230	1.520	-16.880
4123.240	1.440	-16.660
4123.250	1.440	-16.147
4123.260	1.440	-15.635
4123.270	1.330	-15.081
4123.280	1.330	-15.088
4123.290	1.330	-14.429
4123.300	1.190	-14.136
4123.310	1.190	-13.477
4123.320	1.190	-13.330
4123.330	1.080	-12.598
4123.340	1.080	-12.231
4123.350	1.080	-11.719
4123.360	0.950	-11.353
4123.370	0.950	-11.060
4123.380	0.950	-10.107
4123.390	0.810	-9.961
4123.400	0.810	-9.448
4123.410	0.810	-9.082
4123.420	0.710	-8.423
4123.430	0.710	-8.350
4123.440	0.710	-7.837
4123.450	0.580	-7.251
4123.460	0.580	-6.592
4123.470	0.580	-6.006
4123.480	0.450	-5.933
4123.490	0.450	-5.493
4123.500	0.450	-4.834
4123.510	0.310	-4.468
4123.520	0.310	-3.955
4123.530	0.310	-3.223
4123.540	0.170	-2.783
4123.550	0.170	-2.490
4123.560	0.170	-2.124
4123.570	0.050	-1.685
4123.580	0.050	-1.099
4123.590	0.050	-0.586
4123.600	-0.060	-0.220
4123.610	-0.060	0.146
4123.620	-0.060	0.586
4123.630	-0.170	0.952
4123.640	-0.170	1.465
4123.650	-0.170	1.978
4123.660	-0.290	2.271
4123.670	-0.290	2.637
4123.680	-0.290	3.003
4123.690	-0.400	3.442
4123.700	-0.400	3.955
4123.710	-0.400	4.395
4123.720	-0.510	4.687
4123.730	-0.510	5.200
4123.740	-0.510	5.493
4123.750	-0.600	5.640
4123.760	-0.600	6.152
4123.770	-0.600	6.812
4123.780	-0.690	7.104
4123.790	-0.690	7.617
4123.800	-0.690	7.690
4123.810	-0.790	7.983
4123.820	-0.790	8.569
4123.830	-0.790	8.716
4123.840	-0.910	9.229
4123.850	-0.910	9.521
4123.860	-0.910	10.107
4123.870	-1.020	10.254
4123.880	-1.020	10.840
4123.890	-1.020	10.767
4123.900	-1.110	11.572
4123.910	-1.110	12.085
4123.920	-1.110	12.158
4123.930	-1.210	12.817
4123.940	-1.210	12.891
4123.950	-1.210	13.477
4123.960	-1.300	13.696
4123.970	-1.300	13.916
4123.980	-1.300	14.282
4123.990	-1.390	14.941
4124.000	-1.390	14.941
4124.010	-1.390	16.007
4124.020	-1.490	16.007
4124.030	-1.490	16.154
4124.040	-1.490	16.374
4124.050	-1.580	16.773
4124.060	-1.580	17.066
4124.070	-1.580	17.937
4124.080	-1.680	17.937
4124.090	-1.680	18.010
4124.100	-1.680	18.702
4124.110	-1.740	18.702
4124.120	-1.740	18.995
4124.130	-1.740	19.168
4124.140	-1.830	19.827
4124.150	-1.830	20.087
4124.160	-1.830	20.087
4124.170	-1.920	20.315
4124.180	-1.920	20.461
4124.190	-1.920	21.120
4124.200	-2.010	21.194
4124.210	-2.010	21.560
4124.220	-2.010	21.633
4124.230	-2.090	22.339
4124.240	-2.090	22.266
4124.250	-2.090	22.632
4124.260	-2.140	23.145
4124.270	-2.140	23.437
4124.280	-2.140	23.804
4124.290	-2.230	24.097
4124.300	-2.230	24.390
4124.310	-2.230	24.609
4124.320	-2.270	25.049
4124.330	-2.270	24.902
4124.340	-2.270	25.415
4124.350	-2.340	25.488
4124.360	-2.340	25.781
4124.370	-2.340	25.854
4124.380	-2.420	26.440
4124.390	-2.420	26.367
4124.400	-2.420	26.440
4124.410	-2.470	26.733
4124.420	-2.470	26.733
4124.430	-2.470	27.246
4124.440	-2.520	27.466
4124.450	-2.520	27.913
4124.460	-2.520	27.987
4124.470	-2.560	27.940
4124.480	-2.560	28.087
4124.490	-2.560	28.233
4124.500	-2.610	28.453
4124.510	-2.610	28.933
4124.520	-2.610	29.299
4124.530	-2.650	28.960
4124.540	-2.650	29.358
4124.550	-2.650	29.277
4124.560	-2.680	29.490
4124.570	-2.680	29.756
4124.580	-2.680	29.463
4124.590	-2.710	29.976
4124.600	-2.710	30.529
4124.610	-2.710	29.976
4124.620	-2.740	30.036
4124.630	-2.740	30.376
4124.640	-2.740	29.977
4124.650	-2.750	30.196
4124.660	-2.750	30.700
4124.670	-2.750	30.700
4124.680	-2.770	30.913
4124.690	-2.770	30.693
4124.700	-2.770	30.359
4124.710	-2.800	30.652
4124.720	-2.800	31.251
4124.730	-2.800	31.251
4124.740	-2.800	31.391
4124.750	-2.800	31.391
4124.760	-2.800	30.895
4124.770	-2.810	31.041
4124.780	-2.810	31.268
4124.790	-2.810	31.195
4124.800	-2.810	31.268
4124.810	-2.810	31.772
4124.820	-2.810	31.113
4124.830	-2.810	31.040
4124.840	-2.810	31.266
4124.850	-2.810	31.047
4124.860	-2.800	31.120
4124.870	-2.800	31.624
4124.880	-2.800	31.405
4124.890	-2.800	31.265
4124.900	-2.800	31.265
4124.910	-2.800	30.760
4124.920	-2.800	30.833
4124.930	-2.800	31.240
4124.940	-2.800	31.240
4124.950	-2.780	31.240
4124.960	-2.780	31.094
4124.970	-2.780	30.762
4124.980	-2.760	30.762
4124.990	-2.760	30.755
4125.000	-2.760	30.828
4125.010	-2.730	30.828
4125.020	-2.730	30.535
4125.030	-2.730	30.202
4125.040	-2.700	30.202
4125.050	-2.700	30.055
4125.060	-2.700	29.915
4125.070	-2.670	29.915
4125.080	-2.670	29.810
4125.090	-2.670	29.224
4125.100	-2.630	29.224
4125.110	-2.630	29.297
4125.120	-2.630	29.150
4125.130	-2.590	29.150
4125.140	-2.590	28.931
4125.150	-2.590	28.857
4125.160	-2.550	28.857
4125.170	-2.550	28.784
4125.180	-2.550	28.271
4125.190	-2.510	28.271
4125.200	-2.510	28.052
4125.210	-2.510	27.612
4125.220	-2.470	27.612
4125.230	-2.470	27.686
4125.240	-2.470	27.539
4125.250	-2.410	27.539
4125.260	-2.410	26.953
4125.270	-2.410	26.660
4125.280	-2.360	26.660
4125.290	-2.360	26.221
4125.300	-2.360	26.074
4125.310	-2.300	26.074
4125.320	-2.300	26.074
4125.330	-2.300	25.395
4125.340	-2.190	25.395
4125.350	-2.190	25.281
4125.360	-2.190	25.135
4125.370	-2.200	25.135
4125.380	-2.200	24.768
4125.390	-2.200	24.329
4125.400	-2.130	24.329
4125.410	-2.130	24.182
4125.420	-2.130	23.523
4125.430	-2.070	23.523
4125.440	-2.070	23.470
4125.450	-2.070	22.778
4125.460	-2.000	22.778
4125.470	-2.000	22.266
4125.480	-2.000	21.753
4125.490	-1.920	21.753
4125.500	-1.920	21.680
4125.510	-1.920	21.094
4125.520	-1.850	21.094
4125.530	-1.850	21.021
4125.540	-1.850	20.435
4125.550	-1.780	20.435
4125.560	-1.780	19.995
4125.570	-1.780	19.702
4125.580	-1.710	19.702
4125.590	-1.710	19.263
4125.600	-1.710	18.750
4125.610	-1.630	18.750
4125.620	-1.630	18.457
4125.630	-1.630	18.018
4125.640	-1.540	18.018
4125.650	-1.540	17.725
4125.660	-1.540	16.846
4125.670	-1.460	16.846
4125.680	-1.460	16.626
4125.690	-1.460	16.479
4125.700	-1.380	15.834
4125.710	-1.380	15.541
4125.720	-1.380	15.248
4125.730	-1.280	15.101
4125.740	-1.280	14.629
4125.750	-1.280	14.263
4125.760	-1.200	13.790
4125.770	-1.200	13.644
4125.780	-1.200	12.911
4125.790	-1.080	12.911
4125.800	-1.080	12.719
4125.810	-1.080	12.426
4125.820	-0.990	11.767
4125.830	-0.990	11.401
4125.840	-0.990	11.213
4125.850	-0.900	10.628
4125.860	-0.900	10.514
4125.870	-0.900	9.855
4125.880	-0.800	9.709
4125.890	-0.800	9.456
4125.900	-0.800	8.976
4125.910	-0.690	8.470
4125.920	-0.690	8.470
4125.930	-0.690	7.811
4125.940	-0.590	7.372
4125.950	-0.590	6.932
4125.960	-0.590	6.712
4125.970	-0.480	6.639
4125.980	-0.480	6.200
4125.990	-0.480	5.427
4126.000	-0.380	5.060
4126.010	-0.380	4.834
4126.020	-0.380	4.395
4126.030	-0.270	4.175
4126.040	-0.270	3.809
4126.050	-0.270	3.516
4126.060	-0.180	2.856
4126.070	-0.180	2.417
4126.080	-0.180	2.051
4126.090	-0.070	1.685
4126.100	-0.070	1.392
4126.110	-0.070	0.952
4126.120	0.040	0.586
4126.130	0.040	0.220
4126.140	0.040	-0.073
4126.150	0.150	-0.513
4126.160	0.150	-0.879
4126.170	0.150	-1.318
4126.180	0.250	-1.685
4126.190	0.250	-1.978
4126.200	0.250	-2.344
4126.210	0.350	-2.856
4126.220	0.350	-3.442
4126.230	0.350	-3.809
4126.240	0.440	-4.102
4126.250	0.440	-4.248
4126.260	0.440	-4.541
4126.270	0.530	-4.980
4126.280	0.530	-5.200
4126.290	0.530	-5.640
4126.300	0.610	-6.226
4126.310	0.610	-6.299
4126.320	0.610	-6.299
4126.330	0.690	-6.738
4126.340	0.690	-7.104
4126.350	0.690	-7.544
4126.360	0.770	-7.983
4126.370	0.770	-7.837
4126.380	0.770	-8.276
4126.390	0.850	-8.569
4126.400	0.850	-8.643
4126.410	0.850	-9.155
4126.420	0.910	-9.375
4126.430	0.910	-9.595
4126.440	0.910	-9.814
4126.450	0.990	-10.327
4126.460	0.990	-10.181
4126.470	0.990	-10.840
4126.480	1.080	-11.060
4126.490	1.080	-11.499
4126.500	1.080	-11.499
4126.510	1.160	-11.865
4126.520	1.160	-12.451
4126.530	1.160	-12.451
4126.540	1.220	-12.891
4126.550	1.220	-12.817
4126.560	1.220	-13.550
4126.570	1.310	-13.770
4126.580	1.310	-13.843
4126.590	1.310	-14.062
4126.600	1.370	-14.575
4126.610	1.370	-14.575
4126.620	1.370	-14.868
4126.630	1.420	-15.308
4126.640	1.420	-15.381
4126.650	1.420	-15.820
4126.660	1.510	-15.967
4126.670	1.510	-16.260
4126.680	1.510	-16.406
4126.690	1.560	-16.626
4126.700	1.560	-17.065
4126.710	1.560	-17.212
4126.720	1.650	-17.285
4126.730	1.650	-17.505
4126.740	1.650	-17.871
4126.750	1.680	-18.237
4126.760	1.680	-18.237
4126.770	1.680	-18.384
4126.780	1.760	-18.823
4126.790	1.760	-18.970
4126.800	1.760	-19.116
4126.810	1.810	-19.482
4126.820	1.810	-19.995
4126.830	1.810	-20.068
4126.840	1.890	-20.361
4126.850	1.890	-20.272
4126.860	1.890	-20.858
4126.870	1.930	-20.878
4126.880	1.930	-21.171
4126.890	1.930	-21.244
4126.900	2.000	-21.390
4126.910	2.000	-21.757
4126.920	2.000	-21.683
4126.930	2.050	-22.050
4126.940	2.050	-22.375
4126.950	2.050	-22.758
4126.960	2.090	-22.611
4126.970	2.090	-22.884
4126.980	2.090	-23.031
4126.990	2.160	-23.397
4127.000	2.160	-23.543
4127.010	2.160	-23.617
4127.020	2.200	-23.836
4127.030	2.200	-24.251
4127.040	2.200	-24.365
4127.050	2.250	-24.212
4127.060	2.250	-24.725
4127.070	2.250	-24.871
4127.080	2.290	-25.237
4127.090	2.290	-25.351
4127.100	2.290	-25.644
4127.110	2.330	-25.558
4127.120	2.330	-25.631
4127.130	2.330	-25.582
4127.140	2.370	-25.582
4127.150	2.370	-26.175
4127.160	2.370	-25.955
4127.170	2.390	-26.395
4127.180	2.390	-26.452
4127.190	2.390	-26.484
4127.200	2.420	-26.371
4127.210	2.420	-26.677
4127.220	2.420	-27.043
4127.230	2.470	-26.970
4127.240	2.470	-27.507
4127.250	2.470	-27.214
4127.260	2.510	-27.321
4127.270	2.510	-27.467
4127.280	2.510	-27.410
4127.290	2.520	-27.557
4127.300	2.520	-27.971
4127.310	2.520	-28.118
4127.320	2.540	-28.118
4127.330	2.540	-28.044
4127.340	2.540	-27.800
4127.350	2.550	-28.020
4127.360	2.550	-28.434
4127.370	2.550	-28.581
4127.380	2.570	-28.401
4127.390	2.570	-28.474
4127.400	2.570	-28.173
4127.410	2.590	-28.246
4127.420	2.590	-28.735
4127.430	2.590	-28.881
4127.440	2.610	-28.681
4127.450	2.610	-28.681
4127.460	2.610	-28.714
4127.470	2.600	-28.967
4127.480	2.600	-28.967
4127.490	2.600	-29.113
4127.500	2.600	-29.113
4127.510	2.600	-29.113
4127.520	2.600	-28.625
4127.530	2.590	-28.752
4127.540	2.590	-28.752
4127.550	2.590	-28.898
4127.560	2.580	-28.898
4127.570	2.580	-28.491
4127.580	2.580	-28.491
4127.590	2.580	-28.491
4127.600	2.580	-28.418
4127.610	2.580	-28.125
4127.620	2.570	-28.125
4127.630	2.570	-28.052
4127.640	2.570	-27.979
4127.650	2.530	-27.979
4127.660	2.530	-27.759
4127.670	2.530	-27.686
4127.680	2.510	-27.612
4127.690	2.510	-27.393
4127.700	2.510	-27.246
4127.710	2.480	-27.539
4127.720	2.480	-27.466
4127.730	2.480	-27.319
4127.740	2.450	-27.319
4127.750	2.450	-26.733
4127.760	2.450	-26.807
4127.770	2.410	-26.660
4127.780	2.410	-26.587
4127.790	2.410	-26.733
4127.800	2.350	-26.514
4127.810	2.350	-26.294
4127.820	2.350	-25.928
4127.830	2.320	-26.001
4127.840	2.320	-25.562
4127.850	2.320	-25.562
4127.860	2.270	-25.415
4127.870	2.270	-25.049
4127.880	2.270	-24.829
4127.890	2.190	-24.609
4127.900	2.190	-24.316
4127.910	2.190	-24.023
4127.920	2.140	-23.877
4127.930	2.140	-23.657
4127.940	2.140	-23.511
4127.950	2.090	-23.291
4127.960	2.090	-22.925
4127.970	2.090	-22.925
4127.980	1.980	-22.705
4127.990	1.980	-22.575
4128.000	1.980	-22.062
4128.010	1.950	-21.716
4128.020	1.950	-21.496
4128.030	1.950	-21.203
4128.040	1.860	-21.057
4128.050	1.860	-20.739
4128.060	1.860	-20.666
4128.070	1.740	-19.920
4128.080	1.740	-19.701
4128.090	1.740	-19.245
4128.100	1.700	-19.098
4128.110	1.700	-18.973
4128.120	1.700	-18.680
4128.130	1.570	-18.227
4128.140	1.570	-17.714
4128.150	1.570	-17.299
4128.160	1.480	-16.933
4128.170	1.480	-16.963
4128.180	1.480	-16.523
4128.190	1.390	-16.017
4128.200	1.390	-15.651
4128.210	1.390	-15.317
4128.220	1.290	-14.658
4128.230	1.290	-14.378
4128.240	1.290	-13.939
4128.250	1.180	-13.939
4128.260	1.180	-13.353
4128.270	1.180	-12.458
4128.280	1.060	-12.458
4128.290	1.060	-12.305
4128.300	1.060	-11.353
4128.310	0.960	-11.353
4128.320	0.960	-11.133
4128.330	0.960	-10.181
4128.340	0.860	-10.181
4128.350	0.860	-9.668
4128.360	0.860	-8.936
4128.370	0.730	-8.936
4128.380	0.730	-8.443
4128.390	0.730	-7.710
4128.400	0.600	-7.637
4128.410	0.600	-7.124
4128.420	0.600	-6.612
4128.430	0.450	-6.026
4128.440	0.450	-5.367
4128.450	0.450	-4.927
4128.460	0.340	-4.634
4128.470	0.340	-4.048
4128.480	0.340	-3.735
4128.490	0.210	-3.369
4128.500	0.210	-2.783
4128.510	0.210	-2.271
4128.520	0.110	-1.904
4128.530	0.110	-1.611
4128.540	0.110	-1.245
4128.550	-0.020	-0.879
4128.560	-0.020	-0.366
4128.570	-0.020	0.146
4128.580	-0.130	0.659
4128.590	-0.130	1.025
4128.600	-0.130	1.709
4128.610	-0.230	1.709
4128.620	-0.230	2.002
4128.630	-0.230	2.954
4128.640	-0.330	2.954
4128.650	-0.330	3.320
4128.660	-0.330	3.833
4128.670	-0.430	3.833
4128.680	-0.430	4.272
4128.690	-0.430	4.980
4128.700	-0.520	4.980
4128.710	-0.520	5.273
4128.720	-0.520	6.299
4128.730	-0.620	6.299
4128.740	-0.620	6.445
4128.750	-0.620	7.178
4128.760	-0.720	7.178
4128.770	-0.720	7.544
4128.780	-0.720	8.203
4128.790	-0.820	8.203
4128.800	-0.820	8.789
4128.810	-0.820	9.375
4128.820	-0.920	9.375
4128.830	-0.920	9.668
4128.840	-0.920	10.181
4128.850	-1.000	10.181
4128.860	-1.000	10.840
4128.870	-1.000	11.426
4128.880	-1.100	11.426
4128.890	-1.100	11.572
4128.900	-1.100	12.012
4128.910	-1.180	12.598
4128.920	-1.180	12.478
4128.930	-1.180	13.064
4128.940	-1.280	13.064
4128.950	-1.280	13.821
4128.960	-1.280	14.114
4128.970	-1.380	14.413
4128.980	-1.380	14.560
4128.990	-1.380	15.292
4129.000	-1.450	15.292
4129.010	-1.450	15.609
4129.020	-1.450	16.315
4129.030	-1.550	16.502
4129.040	-1.550	16.648
4129.050	-1.550	16.843
4129.060	-1.620	17.063
4129.070	-1.620	17.716
4129.080	-1.620	18.220
4129.090	-1.700	18.127
4129.100	-1.700	18.713
4129.110	-1.700	18.908
4129.120	-1.790	19.135
4129.130	-1.790	19.241
4129.140	-1.790	19.974
4129.150	-1.850	20.193
4129.160	-1.850	20.649
4129.170	-1.850	20.796
4129.180	-1.950	20.677
4129.190	-1.950	21.210
4129.200	-1.950	21.137
4129.210	-2.020	21.649
4129.220	-2.020	21.879
4129.230	-2.020	22.318
4129.240	-2.070	22.185
4129.250	-2.070	22.828
4129.260	-2.070	22.812
4129.270	-2.140	23.011
4129.280	-2.140	23.537
4129.290	-2.140	23.976
4129.300	-2.210	24.116
4129.310	-2.210	24.189
4129.320	-2.210	24.393
4129.330	-2.270	24.539
4129.340	-2.270	25.242
4129.350	-2.270	25.038
4129.360	-2.320	25.225
4129.370	-2.320	25.172
4129.380	-2.320	25.505
4129.390	-2.380	25.579
4129.400	-2.380	26.326
4129.410	-2.380	26.472
4129.420	-2.400	26.306
4129.430	-2.400	26.599
4129.440	-2.400	26.395
4129.450	-2.460	26.835
4129.460	-2.460	27.397
4129.470	-2.460	27.690
4129.480	-2.510	27.497
4129.490	-2.510	27.277
4129.500	-2.510	27.416
4129.510	-2.540	27.635
4129.520	-2.540	28.249
4129.530	-2.540	28.396
4129.540	-2.580	28.429
4129.550	-2.580	28.429
4129.560	-2.580	28.266
4129.570	-2.610	28.340
4129.580	-2.610	28.606
4129.590	-2.610	29.119
4129.600	-2.630	28.899
4129.610	-2.630	29.135
4129.620	-2.630	28.907
4129.630	-2.650	29.040
4129.640	-2.650	29.300
4129.650	-2.650	29.080
4129.660	-2.670	29.300
4129.670	-2.670	29.845
4129.680	-2.670	29.772
4129.690	-2.690	29.565
4129.700	-2.690	29.492
4129.710	-2.690	29.549
4129.720	-2.690	29.769
4129.730	-2.690	29.416
4129.740	-2.690	29.782
4129.750	-2.700	30.075
4129.760	-2.700	29.937
4129.770	-2.700	29.685
4129.780	-2.700	29.758
4129.790	-2.700	29.818
4129.800	-2.700	29.891
4129.810	-2.700	29.744
4129.820	-2.700	30.241
4129.830	-2.700	30.387
4129.840	-2.700	29.828
4129.850	-2.700	29.975
4129.860	-2.700	29.893
4129.870	-2.690	29.673
4129.880	-2.690	30.243
4129.890	-2.690	30.316
4129.900	-2.680	30.117
4129.910	-2.680	30.043
4129.920	-2.680	29.400
4129.930	-2.660	29.693
4129.940	-2.660	30.204
4129.950	-2.660	29.691
4129.960	-2.650	29.758
4129.970	-2.650	29.758
4129.980	-2.650	29.115
4129.990	-2.620	29.115
4130.000	-2.620	29.396
4130.010	-2.620	29.616
4130.020	-2.600	29.423
4130.030	-2.600	28.910
4130.040	-2.600	28.812
4130.050	-2.580	28.886
4130.060	-2.580	29.063
4130.070	-2.580	29.136
4130.080	-2.550	28.743
4130.090	-2.550	28.670
4130.100	-2.550	28.516
4130.110	-2.520	28.149
4130.120	-2.520	28.269
4130.130	-2.520	28.196
4130.140	-2.490	28.050
4130.150	-2.490	27.830
4130.160	-2.490	27.911
4130.170	-2.460	27.585
4130.180	-2.460	27.685
4130.190	-2.460	27.538
4130.200	-2.430	27.172
4130.210	-2.430	27.245
4130.220	-2.430	26.952
4130.230	-2.380	27.245
4130.240	-2.380	27.164
4130.250	-2.380	27.091
4130.260	-2.340	26.233
4130.270	-2.340	26.119
4130.280	-2.340	26.193
4130.290	-2.290	25.753
4130.300	-2.290	26.111
4130.310	-2.290	25.599
4130.320	-2.240	25.572
4130.330	-2.240	24.986
4130.340	-2.240	24.701
4130.350	-2.190	24.481
4130.360	-2.190	24.851
4130.370	-2.190	24.705
4130.380	-2.140	24.399
4130.390	-2.140	24.252
4130.400	-2.140	23.894
4130.410	-2.080	23.528
4130.420	-2.080	23.750
4130.430	-2.080	23.530
4130.440	-2.020	23.230
4130.450	-2.020	22.937
4130.460	-2.020	22.441
4130.470	-1.980	22.221
4130.480	-1.980	22.332
4130.490	-1.980	22.332
4130.500	-1.900	21.706
4130.510	-1.900	21.706
4130.520	-1.900	20.779
4130.530	-1.840	20.852
4130.540	-1.840	20.704
4130.550	-1.840	20.777
4130.560	-1.760	20.304
4130.570	-1.760	19.865
4130.580	-1.760	19.401
4130.590	-1.680	19.035
4130.600	-1.680	19.286
4130.610	-1.680	19.067
4130.620	-1.610	18.707
4130.630	-1.610	18.487
4130.640	-1.610	18.129
4130.650	-1.540	17.470
4130.660	-1.540	17.357
4130.670	-1.540	17.430
4130.680	-1.450	16.844
4130.690	-1.450	16.877
4130.700	-1.450	16.372
4130.710	-1.360	15.680
4130.720	-1.360	15.820
4130.730	-1.360	15.307
4130.740	-1.280	14.721
4130.750	-1.280	14.957
4130.760	-1.280	14.444
4130.770	-1.170	14.091
4130.780	-1.170	13.579
4130.790	-1.170	13.107
4130.800	-1.080	12.521
4130.810	-1.080	12.700
4130.820	-1.080	12.139
4130.830	-0.990	11.813
4130.840	-0.990	11.666
4130.850	-0.990	10.918
4130.860	-0.900	10.771
4130.870	-0.900	10.172
4130.880	-0.900	10.245
4130.890	-0.790	9.792
4130.900	-0.790	9.426
4130.910	-0.790	8.987
4130.920	-0.690	8.742
4130.930	-0.690	8.247
4130.940	-0.690	7.807
4130.950	-0.590	7.727
4130.960	-0.590	7.215
4130.970	-0.590	6.922
4130.980	-0.500	6.409
4130.990	-0.500	6.056
4131.000	-0.500	5.836
4131.010	-0.390	5.356
4131.020	-0.390	4.917
4131.030	-0.390	4.567
4131.040	-0.280	4.114
4131.050	-0.280	3.462
4131.060	-0.280	3.095
4131.070	-0.170	2.729
4131.080	-0.170	2.371
4131.090	-0.170	1.932
4131.100	-0.050	1.492
4131.110	-0.050	1.167
4131.120	-0.050	0.800
4131.130	0.060	0.434
4131.140	0.060	0.138
4131.150	0.060	-0.155
4131.160	0.160	-0.501
4131.170	0.160	-0.794
4131.180	0.160	-1.095
4131.190	0.260	-1.534
4131.200	0.260	-2.047
4131.210	0.260	-2.487
4131.220	0.370	-2.853
4131.230	0.370	-3.113
4131.240	0.370	-3.536
4131.250	0.460	-4.122
4131.260	0.460	-4.435
4131.270	0.460	-4.728
4131.280	0.540	-5.168
4131.290	0.540	-5.615
4131.300	0.540	-5.762
4131.310	0.610	-5.988
4131.320	0.610	-6.428
4131.330	0.610	-6.680
4131.340	0.690	-6.826
4131.350	0.690	-7.046
4131.360	0.690	-7.339
4131.370	0.760	-7.778
4131.380	0.760	-8.259
4131.390	0.760	-8.104
4131.400	0.830	-8.510
4131.410	0.830	-8.723
4131.420	0.830	-8.943
4131.430	0.900	-9.309
4131.440	0.900	-9.472
4131.450	0.900	-9.765
4131.460	0.970	-9.958
4131.470	0.970	-10.324
4131.480	0.970	-10.137
4131.490	1.050	-10.796
4131.500	1.050	-10.903
4131.510	1.050	-11.415
4131.520	1.120	-11.269
4131.530	1.120	-11.708
4131.540	1.120	-12.278
4131.550	1.180	-12.205
4131.560	1.180	-12.834
4131.570	1.180	-12.834
4131.580	1.250	-13.346
4131.590	1.250	-13.273
4131.600	1.250	-13.639
4131.610	1.330	-13.932
4131.620	1.330	-14.445
4131.630	1.330	-14.518
4131.640	1.380	-14.718
4131.650	1.380	-14.864
4131.660	1.380	-14.848
4131.670	1.450	-15.434
4131.680	1.450	-15.597
4131.690	1.450	-15.963
4131.700	1.500	-16.090
4131.710	1.500	-16.090
4131.720	1.500	-16.456
4131.730	1.560	-16.529
4131.740	1.560	-16.899
4131.750	1.560	-17.485
4131.760	1.620	-17.338
4131.770	1.620	-17.338
4131.780	1.620	-17.542
4131.790	1.680	-17.908
4131.800	1.680	-18.522
4131.810	1.680	-18.376
4131.820	1.730	-18.409
4131.830	1.730	-18.775
4131.840	1.730	-18.718
4131.850	1.810	-19.011
4131.860	1.810	-19.581
4131.870	1.810	-19.874
4131.880	1.820	-19.907
4131.890	1.820	-19.907
4131.900	1.820	-19.606
4131.910	1.890	-20.192
4131.920	1.890	-20.769
4131.930	1.890	-20.915
4131.940	1.920	-21.069
4131.950	1.920	-20.922
4131.960	1.920	-21.231
4131.970	1.960	-21.085
4131.980	1.960	-21.638
4131.990	1.960	-21.638
4132.000	2.030	-22.077
4132.010	2.030	-22.150
4132.020	2.030	-22.199
4132.030	2.050	-22.006
4132.040	2.050	-22.292
4132.050	2.050	-22.439
4132.060	2.080	-22.585
4132.070	2.080	-22.894
4132.080	2.080	-23.041
4132.090	2.130	-23.194
4132.100	2.130	-23.267
4132.110	2.130	-23.267
4132.120	2.170	-23.414
4132.130	2.170	-24.006
4132.140	2.170	-24.225
4132.150	2.190	-24.159
4132.160	2.190	-24.232
4132.170	2.190	-24.216
4132.180	2.210	-24.216
4132.190	2.210	-24.608
4132.200	2.210	-24.681
4132.210	2.240	-24.748
4132.220	2.240	-24.601
4132.230	2.240	-24.495
4132.240	2.270	-24.422
4132.250	2.270	-25.058
4132.260	2.270	-24.912
4132.270	2.300	-25.232
4132.280	2.300	-25.012
4132.290	2.300	-25.272
4132.300	2.310	-25.053
4132.310	2.310	-25.800
4132.320	2.310	-25.727
4132.330	2.310	-25.707
4132.340	2.310	-25.633
4132.350	2.310	-25.430
4132.360	2.320	-25.650
4132.370	2.320	-25.672
4132.380	2.320	-26.184
4132.390	2.340	-25.732
4132.400	2.340	-26.098
4132.410	2.340	-25.504
4132.420	2.360	-25.724
4132.430	2.360	-26.093
4132.440	2.360	-26.093
4132.450	2.350	-25.994
4132.460	2.350	-25.920
4132.470	2.350	-26.018
4132.480	2.350	-25.579
4132.490	2.350	-26.341
4132.500	2.350	-26.048
4132.510	2.330	-26.094
4132.520	2.330	-25.874
4132.530	2.330	-25.744
4132.540	2.330	-25.744
4132.550	2.330	-26.048
4132.560	2.330	-26.194
4132.570	2.330	-25.808
4132.580	2.330	-26.101
4132.590	2.330	-25.352
4132.600	2.330	-25.645
4132.610	2.330	-25.786
4132.620	2.330	-26.005
4132.630	2.300	-25.566
4132.640	2.300	-25.639
4132.650	2.300	-25.289
4132.660	2.270	-25.070
4132.670	2.270	-25.358
4132.680	2.270	-25.138
4132.690	2.240	-25.125
4132.700	2.240	-24.686
4132.710	2.240	-24.645
4132.720	2.230	-24.425
4132.730	2.230	-25.076
4132.740	2.230	-24.710
4132.750	2.190	-24.757
4132.760	2.190	-24.464
4132.770	2.190	-24.268
4132.780	2.160	-23.902
4132.790	2.160	-24.257
4132.800	2.160	-24.184
4132.810	2.100	-23.884
4132.820	2.100	-23.201
4132.830	2.100	-23.128
4132.840	2.070	-22.934
4132.850	2.070	-22.934
4132.860	2.070	-22.641
4132.870	2.030	-22.641
4132.880	2.030	-22.715
4132.890	2.030	-22.226
4132.900	1.970	-22.226
4132.910	1.970	-21.893
4132.920	1.970	-22.113
4132.930	1.920	-21.487
4132.940	1.920	-21.413
4132.950	1.920	-20.901
4132.960	1.860	-20.827
4132.970	1.860	-20.608
4132.980	1.860	-20.315
4132.990	1.780	-20.168
4133.000	1.780	-19.582
4133.010	1.780	-19.482
4133.020	1.730	-19.263
4133.030	1.730	-19.116
4133.040	1.730	-18.896
4133.050	1.630	-18.604
4133.060	1.630	-18.311
4133.070	1.630	-18.237
4133.080	1.580	-17.798
4133.090	1.580	-17.358
4133.100	1.580	-17.505
4133.110	1.490	-17.065
4133.120	1.490	-16.553
4133.130	1.490	-16.479
4133.140	1.420	-16.040
4133.150	1.420	-15.967
4133.160	1.420	-15.820
4133.170	1.330	-15.015
4133.180	1.330	-15.015
4133.190	1.330	-14.575
4133.200	1.250	-14.282
4133.210	1.250	-14.062
4133.220	1.250	-13.770
4133.230	1.140	-13.330
4133.240	1.140	-12.964
4133.250	1.140	-12.598
4133.260	1.040	-12.158
4133.270	1.040	-11.865
4133.280	1.040	-11.646
4133.290	0.940	-11.206
4133.300	0.940	-10.767
4133.310	0.940	-10.400
4133.320	0.840	-9.961
4133.330	0.840	-9.782
4133.340	0.840	-9.416
4133.350	0.740	-8.923
4133.360	0.740	-8.484
4133.370	0.740	-8.264
4133.380	0.630	-7.605
4133.390	0.630	-7.360
4133.400	0.630	-6.775
4133.410	0.510	-6.775
4133.420	0.510	-6.408
4133.430	0.510	-5.562
4133.440	0.390	-5.196
4133.450	0.390	-4.883
4133.460	0.390	-4.077
4133.470	0.290	-4.077
4133.480	0.290	-3.711
4133.490	0.290	-2.710
4133.500	0.180	-2.710
4133.510	0.180	-2.271
4133.520	0.180	-1.685
4133.530	0.060	-1.685
4133.540	0.060	-1.318
4133.550	0.060	-0.513
4133.560	-0.050	-0.513
4133.570	-0.050	0.000
4133.580	-0.050	0.879
4133.590	-0.140	0.879
4133.600	-0.140	1.172
4133.610	-0.140	1.831
4133.620	-0.230	1.831
4133.630	-0.230	2.124
4133.640	-0.230	2.930
4133.650	-0.320	2.930
4133.660	-0.320	3.296
4133.670	-0.320	3.735
4133.680	-0.400	3.735
4133.690	-0.400	4.102
4133.700	-0.400	4.834
4133.710	-0.500	4.834
4133.720	-0.500	5.127
4133.730	-0.500	6.079
4133.740	-0.590	6.079
4133.750	-0.590	6.079
4133.760	-0.590	6.738
4133.770	-0.680	6.738
4133.780	-0.680	7.031
4133.790	-0.680	7.617
4133.800	-0.750	7.617
4133.810	-0.750	8.057
4133.820	-0.750	8.496
4133.830	-0.830	8.496
4133.840	-0.830	8.862
4133.850	-0.830	9.595
4133.860	-0.920	9.595
4133.870	-0.920	9.741
4133.880	-0.920	10.400
4133.890	-1.000	10.400
4133.900	-1.000	10.840
4133.910	-1.000	11.353
4133.920	-1.090	11.353
4133.930	-1.090	11.719
4133.940	-1.090	12.231
4133.950	-1.170	12.231
4133.960	-1.170	12.524
4133.970	-1.170	13.037
4133.980	-1.240	12.924
4133.990	-1.240	13.363
4134.000	-1.240	13.437
4134.010	-1.320	13.876
4134.020	-1.320	14.283
4134.030	-1.320	14.576
4134.040	-1.370	14.509
4134.050	-1.370	15.095
4134.060	-1.370	15.095
4134.070	-1.460	15.169
4134.080	-1.460	15.941
4134.090	-1.460	16.087
4134.100	-1.520	16.161
4134.110	-1.520	16.600
4134.120	-1.520	16.486
4134.130	-1.590	16.926
4134.140	-1.590	17.407
4134.150	-1.590	17.407
4134.160	-1.670	18.311
4134.170	-1.670	18.311
4134.180	-1.670	18.531
4134.190	-1.700	18.531
4134.200	-1.700	18.824
4134.210	-1.700	19.337
4134.220	-1.780	19.337
4134.230	-1.780	19.630
4134.240	-1.780	20.094
4134.250	-1.830	20.094
4134.260	-1.830	20.353
4134.270	-1.830	20.581
4134.280	-1.890	20.581
4134.290	-1.890	20.508
4134.300	-1.890	21.021
4134.310	-1.940	21.021
4134.320	-1.940	21.313
4134.330	-1.940	21.533
4134.340	-1.990	21.533
4134.350	-1.990	21.753
4134.360	-1.990	22.339
4134.370	-2.040	22.339
4134.380	-2.040	22.339
4134.390	-2.040	22.565
4134.400	-2.090	22.785
4134.410	-2.090	22.858
4134.420	-2.090	22.931
4134.430	-2.130	23.078
4134.440	-2.130	23.298
4134.450	-2.130	23.298
4134.460	-2.160	23.444
4134.470	-2.160	23.517
4134.480	-2.160	23.737
4134.490	-2.200	24.023
4134.500	-2.200	24.023
4134.510	-2.200	24.170
4134.520	-2.220	24.609
4134.530	-2.220	24.463
4134.540	-2.220	24.683
4134.550	-2.250	24.976
4134.560	-2.250	25.122
4134.570	-2.250	25.195
4134.580	-2.270	25.195
4134.590	-2.270	25.415
4134.600	-2.270	25.342
4134.610	-2.300	25.635
4134.620	-2.300	25.195
4134.630	-2.300	25.781
4134.640	-2.320	25.708
4134.650	-2.320	25.854
4134.660	-2.320	25.781
4134.670	-2.340	26.001
4134.680	-2.340	25.928
4134.690	-2.340	25.781
4134.700	-2.360	26.221
4134.710	-2.360	26.001
4134.720	-2.360	26.595
4134.730	-2.360	26.409
4134.740	-2.360	26.409
4134.750	-2.360	26.262
4134.760	-2.370	26.262
4134.770	-2.370	26.555
4134.780	-2.370	26.555
4134.790	-2.380	26.795
4134.800	-2.380	26.429
4134.810	-2.380	26.868
4134.820	-2.380	26.420
4134.830	-2.380	26.672
4134.840	-2.380	26.745
4134.850	-2.380	26.512
4134.860	-2.380	26.585
4134.870	-2.380	26.219
4134.880	-2.370	26.732
4134.890	-2.370	26.769
4134.900	-2.370	26.915
4134.910	-2.360	26.523
4134.920	-2.360	26.376
4134.930	-2.360	26.238
4134.940	-2.350	25.945
4134.950	-2.350	26.471
4134.960	-2.350	26.398
4134.970	-2.350	26.544
4134.980	-2.350	26.389
4134.990	-2.350	26.259
4135.000	-2.330	26.175
4135.010	-2.330	26.468
4135.020	-2.330	26.468
4135.030	-2.320	25.955
4135.040	-2.320	26.248
4135.050	-2.320	25.809
4135.060	-2.300	26.102
4135.070	-2.300	25.809
4135.080	-2.300	25.451
4135.090	-2.280	25.451
4135.100	-2.280	25.464
4135.110	-2.280	25.269
4135.120	-2.260	24.976
4135.130	-2.260	25.342
4135.140	-2.260	24.976
4135.150	-2.230	25.122
4135.160	-2.230	24.463
4135.170	-2.230	24.609
4135.180	-2.200	24.463
4135.190	-2.200	24.316
4135.200	-2.200	24.243
4135.210	-2.170	24.316
4135.220	-2.170	24.023
4135.230	-2.170	23.950
4135.240	-2.140	23.804
4135.250	-2.140	23.804
4135.260	-2.140	23.657
4135.270	-2.100	23.511
4135.280	-2.100	23.291
4135.290	-2.100	23.145
4135.300	-2.050	23.071
4135.310	-2.050	22.778
4135.320	-2.050	22.778
4135.330	-2.000	22.632
4135.340	-2.000	22.559
4135.350	-2.000	22.119
4135.360	-1.950	22.266
4135.370	-1.950	21.680
4135.380	-1.950	21.826
4135.390	-1.900	21.387
4135.400	-1.900	21.313
4135.410	-1.900	21.021
4135.420	-1.840	21.094
4135.430	-1.840	20.801
4135.440	-1.840	20.435
4135.450	-1.780	20.361
4135.460	-1.780	19.849
4135.470	-1.780	20.142
4135.480	-1.720	19.775
4135.490	-1.720	19.629
4135.500	-1.720	19.189
4135.510	-1.660	18.970
4135.520	-1.660	18.750
4135.530	-1.660	18.457
4135.540	-1.590	18.164
4135.550	-1.590	17.944
4135.560	-1.590	17.944
4135.570	-1.520	17.285
4135.580	-1.520	17.139
4135.590	-1.520	16.992
4135.600	-1.460	16.772
4135.610	-1.460	16.553
4135.620	-1.460	16.187
4135.630	-1.380	15.820
4135.640	-1.380	15.894
4135.650	-1.380	15.527
4135.660	-1.300	15.015
4135.670	-1.300	15.015
4135.680	-1.300	14.429
4135.690	-1.210	14.209
4135.700	-1.210	13.770
4135.710	-1.210	13.696
4135.720	-1.130	13.184
4135.730	-1.130	12.964
4135.740	-1.130	12.451
4135.750	-1.040	12.231
4135.760	-1.040	12.036
4135.770	-1.040	11.743
4135.780	-0.950	11.304
4135.790	-0.950	11.011
4135.800	-0.950	10.937
4135.810	-0.880	10.278
4135.820	-0.880	10.319
4135.830	-0.880	9.733
4135.840	-0.750	9.374
4135.850	-0.750	9.081
4135.860	-0.750	8.763
4135.870	-0.680	8.250
4135.880	-0.680	8.332
4135.890	-0.680	7.746
4135.900	-0.550	7.260
4135.910	-0.550	6.820
4135.920	-0.550	6.340
4135.930	-0.460	6.340
4135.940	-0.460	6.081
4135.950	-0.460	5.129
4135.960	-0.370	5.129
4135.970	-0.370	4.763
4135.980	-0.370	3.949
4135.990	-0.240	3.949
4136.000	-0.240	3.703
4136.010	-0.240	2.824
4136.020	-0.130	2.824
4136.030	-0.130	2.311
4136.040	-0.130	1.904
4136.050	-0.020	1.538
4136.060	-0.020	1.172
4136.070	-0.020	0.659
4136.080	0.100	0.240
4136.090	0.100	-0.273
4136.100	0.100	-0.786
4136.110	0.220	-1.152
4136.120	0.220	-1.551
4136.130	0.220	-1.990
4136.140	0.310	-2.390
4136.150	0.310	-3.049
4136.160	0.310	-3.488
4136.170	0.410	-3.635
4136.180	0.410	-3.923
4136.190	0.410	-4.289
4136.200	0.520	-4.729
4136.210	0.520	-5.022
4136.220	0.520	-5.356
4136.230	0.610	-5.941
4136.240	0.610	-6.274
4136.250	0.610	-6.148
4136.260	0.700	-6.587
4136.270	0.700	-7.116
4136.280	0.700	-7.507
4136.290	0.780	-7.920
4136.300	0.780	-7.920
4136.310	0.780	-8.359
4136.320	0.840	-8.652
4136.330	0.840	-8.758
4136.340	0.840	-9.197
4136.350	0.930	-9.397
4136.360	0.930	-9.690
4136.370	0.930	-9.747
4136.380	0.990	-10.260
4136.390	0.990	-10.319
4136.400	0.990	-10.832
4136.410	1.050	-10.872
4136.420	1.050	-11.311
4136.430	1.050	-11.205
4136.440	1.140	-11.498
4136.450	1.140	-12.068
4136.460	1.140	-12.361
4136.470	1.280	-12.740
4136.480	1.280	-12.594
4136.490	1.280	-13.147
4136.500	1.270	-13.074
4136.510	1.270	-13.799
4136.520	1.270	-14.092
4136.530	1.340	-14.338
4136.540	1.340	-14.412
4136.550	1.340	-14.867
4136.560	1.420	-14.648
4136.570	1.420	-15.188
4136.580	1.420	-15.774
4136.590	1.470	-15.494
4136.600	1.470	-16.007
4136.610	1.470	-16.072
4136.620	1.540	-16.631
4136.630	1.540	-16.924
4136.640	1.540	-16.897
4136.650	1.610	-17.695
4136.660	1.610	-17.695
4136.670	1.610	-17.328
4136.680	1.660	-17.328
4136.690	1.660	-18.275
4136.700	1.660	-18.714
4136.710	1.730	-18.714
4136.720	1.730	-18.690
4136.730	1.730	-18.950
4136.740	1.770	-18.950
4136.750	1.770	-19.497
4136.760	1.770	-19.945
4136.770	1.840	-19.945
4136.780	1.840	-20.418
4136.790	1.840	-20.336
4136.800	1.870	-20.336
4136.810	1.870	-20.116
4136.820	1.870	-20.702
4136.830	1.940	-20.702
4136.840	1.940	-21.102
4136.850	1.940	-21.094
4136.860	1.970	-21.094
4136.870	1.970	-21.533
4136.880	1.970	-21.753
4136.890	2.040	-21.753
4136.900	2.040	-21.842
4136.910	2.040	-22.428
4136.920	2.080	-22.428
4136.930	2.080	-22.795
4136.940	2.080	-23.161
4136.950	2.110	-23.161
4136.960	2.110	-23.234
4136.970	2.110	-23.381
4136.980	2.160	-23.381
4136.990	2.160	-23.747
4137.000	2.160	-23.657
4137.010	2.180	-23.657
4137.020	2.180	-23.804
4137.030	2.180	-24.097
4137.040	2.210	-24.097
4137.050	2.210	-24.023
4137.060	2.210	-24.367
4137.070	2.250	-24.367
4137.080	2.250	-24.806
4137.090	2.250	-25.099
4137.100	2.300	-25.099
4137.110	2.300	-25.026
4137.120	2.300	-25.319
4137.130	2.310	-25.319
4137.140	2.310	-25.539
4137.150	2.310	-25.539
4137.160	2.320	-25.672
4137.170	2.320	-25.468
4137.180	2.320	-25.322
4137.190	2.360	-25.835
4137.200	2.360	-25.826
4137.210	2.360	-25.973
4137.220	2.390	-25.973
4137.230	2.390	-26.266
4137.240	2.390	-26.266
4137.250	2.400	-26.266
4137.260	2.400	-26.652
4137.270	2.400	-27.091
4137.280	2.420	-27.091
4137.290	2.420	-26.725
4137.300	2.420	-26.440
4137.310	2.420	-26.440
4137.320	2.420	-26.587
4137.330	2.420	-26.880
4137.340	2.430	-26.880
4137.350	2.430	-27.173
4137.360	2.430	-26.953
4137.370	2.460	-26.953
4137.380	2.460	-26.733
4137.390	2.460	-27.173
4137.400	2.470	-27.173
4137.410	2.470	-27.173
4137.420	2.470	-27.100
4137.430	2.470	-27.100
4137.440	2.470	-27.100
4137.450	2.470	-27.026
4137.460	2.460	-27.026
4137.470	2.460	-27.393
4137.480	2.460	-27.060
4137.490	2.450	-27.060
4137.500	2.450	-26.897
4137.510	2.450	-26.970
4137.520	2.440	-26.970
4137.530	2.440	-27.117
4137.540	2.440	-27.190
4137.550	2.450	-27.190
4137.560	2.450	-27.190
4137.570	2.450	-26.824
4137.580	2.440	-26.824
4137.590	2.440	-27.083
4137.600	2.440	-27.173
4137.610	2.420	-27.173
4137.620	2.420	-26.733
4137.630	2.420	-26.440
4137.640	2.390	-26.440
4137.650	2.390	-26.440
4137.660	2.390	-26.367
4137.670	2.370	-26.367
4137.680	2.370	-26.587
4137.690	2.370	-26.294
4137.700	2.350	-26.294
4137.710	2.350	-25.928
4137.720	2.350	-25.708
4137.730	2.330	-25.708
4137.740	2.330	-25.781
4137.750	2.330	-25.488
4137.760	2.290	-25.488
4137.770	2.290	-25.269
4137.780	2.290	-25.049
4137.790	2.240	-25.049
4137.800	2.240	-24.609
4137.810	2.240	-24.390
4137.820	2.190	-24.390
4137.830	2.190	-24.463
4137.840	2.190	-24.097
4137.850	2.160	-24.097
4137.860	2.160	-23.877
4137.870	2.160	-23.511
4137.880	2.100	-23.511
4137.890	2.100	-23.437
4137.900	2.100	-22.998
4137.910	2.050	-22.998
4137.920	2.050	-22.852
4137.930	2.050	-22.559
4137.940	1.990	-22.559
4137.950	1.990	-22.192
4137.960	1.990	-21.533
4137.970	1.910	-21.533
4137.980	1.910	-21.533
4137.990	1.910	-20.801
4138.000	1.850	-20.801
4138.010	1.850	-20.654
4138.020	1.850	-20.288
4138.030	1.780	-20.288
4138.040	1.780	-19.629
4138.050	1.780	-19.116
4138.060	1.690	-19.116
4138.070	1.690	-19.043
4138.080	1.690	-18.530
4138.090	1.640	-18.530
4138.100	1.640	-18.237
4138.110	1.640	-17.432
4138.120	1.530	-17.432
4138.130	1.530	-17.065
4138.140	1.530	-17.212
4138.150	1.460	-16.579
4138.160	1.460	-16.213
4138.170	1.460	-15.643
4138.180	1.360	-15.643
4138.190	1.360	-15.351
4138.200	1.360	-14.618
4138.210	1.260	-14.618
4138.220	1.260	-14.398
4138.230	1.260	-13.373
4138.240	1.160	-13.373
4138.250	1.160	-13.420
4138.260	1.160	-12.451
4138.270	1.060	-12.451
4138.280	1.060	-12.158
4138.290	1.060	-11.426
4138.300	0.960	-11.426
4138.310	0.960	-10.840
4138.320	0.960	-10.607
4138.330	0.870	-10.021
4138.340	0.870	-9.874
4138.350	0.870	-9.362
4138.360	0.750	-8.922
4138.370	0.750	-8.410
4138.380	0.750	-8.190
4138.390	0.660	-7.531
4138.400	0.660	-7.311
4138.410	0.660	-7.018
4138.420	0.550	-6.738
4138.430	0.550	-6.372
4138.440	0.550	-5.713
4138.450	0.430	-5.273
4138.460	0.430	-5.054
4138.470	0.430	-4.614
4138.480	0.300	-4.175
4138.490	0.300	-3.809
4138.500	0.300	-3.442
4138.510	0.190	-2.856
4138.520	0.190	-2.344
4138.530	0.190	-1.978
4138.540	0.050	-1.685
4138.550	0.050	-1.318
4138.560	0.050	-0.879
4138.570	-0.070	-0.439
4138.580	-0.070	0.073
4138.590	-0.070	0.586
4138.600	-0.140	1.025
4138.610	-0.140	1.392
4138.620	-0.140	1.685
4138.630	-0.240	1.978
4138.640	-0.240	2.344
4138.650	-0.240	2.783
4138.660	-0.330	3.296
4138.670	-0.330	3.589
4138.680	-0.330	3.809
4138.690	-0.440	4.102
4138.700	-0.440	4.541
4138.710	-0.440	4.761
4138.720	-0.510	5.054
4138.730	-0.510	5.493
4138.740	-0.510	6.006
4138.750	-0.580	6.092
4138.760	-0.580	6.166
4138.770	-0.580	6.605
4138.780	-0.680	6.898
4138.790	-0.680	7.118
4138.800	-0.680	7.484
4138.810	-0.760	7.777
4138.820	-0.760	8.436
4138.830	-0.760	8.509
4138.840	-0.850	8.656
4138.850	-0.850	9.155
4138.860	-0.850	9.375
4138.870	-0.940	9.741
4138.880	-0.940	9.961
4138.890	-0.940	10.547
4138.900	-1.020	10.620
4138.910	-1.020	11.060
4138.920	-1.020	10.986
4138.930	-1.080	11.572
4138.940	-1.080	11.938
4138.950	-1.080	12.012
4138.960	-1.180	12.744
4138.970	-1.180	12.671
4138.980	-1.180	13.257
4138.990	-1.260	13.330
4139.000	-1.260	13.550
4139.010	-1.260	13.916
4139.020	-1.320	14.429
4139.030	-1.320	14.575
4139.040	-1.320	14.795
4139.050	-1.410	15.161
4139.060	-1.410	15.015
4139.070	-1.410	15.601
4139.080	-1.470	15.894
4139.090	-1.470	16.113
4139.100	-1.470	16.260
4139.110	-1.550	16.626
4139.120	-1.550	16.846
4139.130	-1.550	16.919
4139.140	-1.620	17.358
4139.150	-1.620	17.578
4139.160	-1.620	18.018
4139.170	-1.660	18.237
4139.180	-1.660	18.164
4139.190	-1.660	18.530
4139.200	-1.760	18.823
4139.210	-1.760	18.970
4139.220	-1.760	19.189
4139.230	-1.810	19.775
4139.240	-1.810	19.775
4139.250	-1.810	19.995
4139.260	-1.860	20.215
4139.270	-1.860	20.142
4139.280	-1.860	20.907
4139.290	-1.910	20.907
4139.300	-1.910	21.419
4139.310	-1.910	21.712
4139.320	-1.970	21.712
4139.330	-1.970	21.639
4139.340	-1.970	22.152
4139.350	-2.010	22.152
4139.360	-2.010	22.298
4139.370	-2.010	22.412
4139.380	-2.050	22.412
4139.390	-2.050	22.705
4139.400	-2.050	23.071
4139.410	-2.090	23.071
4139.420	-2.090	22.998
4139.430	-2.090	23.364
4139.440	-2.120	23.364
4139.450	-2.120	23.511
4139.460	-2.120	23.657
4139.470	-2.160	23.657
4139.480	-2.160	23.877
4139.490	-2.160	23.877
4139.500	-2.190	23.857
4139.510	-2.190	23.784
4139.520	-2.190	24.077
4139.530	-2.230	24.077
4139.540	-2.230	24.516
4139.550	-2.230	24.516
4139.560	-2.260	24.763
4139.570	-2.260	25.023
4139.580	-2.260	25.316
4139.590	-2.280	25.316
4139.600	-2.280	25.482
4139.610	-2.280	25.542
4139.620	-2.310	25.396
4139.630	-2.310	25.689
4139.640	-2.310	25.176
4139.650	-2.320	25.689
4139.660	-2.320	25.442
4139.670	-2.320	25.621
4139.680	-2.340	25.695
4139.690	-2.340	25.695
4139.700	-2.340	25.768
4139.710	-2.360	25.928
4139.720	-2.360	26.074
4139.730	-2.360	25.928
4139.740	-2.370	26.514
4139.750	-2.370	26.147
4139.760	-2.370	26.367
4139.770	-2.370	26.294
4139.780	-2.370	26.147
4139.790	-2.370	26.221
4139.800	-2.370	26.074
4139.810	-2.370	26.367
4139.820	-2.370	26.147
4139.830	-2.370	26.660
4139.840	-2.370	26.147
4139.850	-2.370	26.294
4139.860	-2.360	26.294
4139.870	-2.360	26.001
4139.880	-2.360	26.221
4139.890	-2.360	26.074
4139.900	-2.360	26.294
4139.910	-2.360	26.001
4139.920	-2.350	26.514
4139.930	-2.350	26.001
4139.940	-2.350	26.074
4139.950	-2.320	26.074
4139.960	-2.320	25.854
4139.970	-2.320	26.074
4139.980	-2.310	25.854
4139.990	-2.310	26.001
4140.000	-2.310	25.635
4140.010	-2.300	26.001
4140.020	-2.300	25.415
4140.030	-2.300	25.708
4140.040	-2.270	25.635
4140.050	-2.270	25.488
4140.060	-2.270	25.562
4140.070	-2.260	25.415
4140.080	-2.260	25.415
4140.090	-2.260	25.122
4140.100	-2.230	25.415
4140.110	-2.230	24.829
4140.120	-2.230	25.049
4140.130	-2.210	24.536
4140.140	-2.210	24.609
4140.150	-2.210	24.316
4140.160	-2.180	24.390
4140.170	-2.180	24.097
4140.180	-2.180	24.170
4140.190	-2.150	24.097
4140.200	-2.150	23.950
4140.210	-2.150	23.804
4140.220	-2.120	23.804
4140.230	-2.120	23.584
4140.240	-2.120	23.511
4140.250	-2.080	23.437
4140.260	-2.080	23.291
4140.270	-2.080	23.145
4140.280	-2.040	22.998
4140.290	-2.040	22.852
4140.300	-2.040	22.705
4140.310	-1.990	22.632
4140.320	-1.990	22.428
4140.330	-1.990	22.575
4140.340	-1.940	22.016
4140.350	-1.940	22.016
4140.360	-1.940	21.356
4140.370	-1.880	21.430
4140.380	-1.880	21.210
4140.390	-1.880	21.210
4140.400	-1.830	20.797
4140.410	-1.830	20.577
4140.420	-1.830	20.195
4140.430	-1.770	19.682
4140.440	-1.770	20.030
4140.450	-1.770	19.810
4140.460	-1.720	19.917
4140.470	-1.720	19.550
4140.480	-1.720	18.891
4140.490	-1.660	18.745
4140.500	-1.660	18.930
4140.510	-1.660	18.637
4140.520	-1.610	18.324
4140.530	-1.610	18.251
4140.540	-1.610	17.803
4140.550	-1.530	17.437
4140.560	-1.530	17.200
4140.570	-1.530	17.200
4140.580	-1.460	16.994
4140.590	-1.460	16.644
4140.600	-1.460	15.993
4140.610	-1.390	15.993
4140.620	-1.390	15.793
4140.630	-1.390	15.427
4140.640	-1.300	15.061
4140.650	-1.300	14.854
4140.660	-1.300	14.252
4140.670	-1.210	14.032
4140.680	-1.210	14.003
4140.690	-1.210	13.620
4140.700	-1.150	12.941
4140.710	-1.150	12.941
4140.720	-1.150	12.501
4140.730	-1.070	12.428
4140.740	-1.070	11.940
4140.750	-1.070	11.927
4140.760	-0.960	11.767
4140.770	-0.960	11.254
4140.780	-0.960	10.758
4140.790	-0.880	10.172
4140.800	-0.880	10.379
4140.810	-0.880	9.793
4140.820	-0.770	9.433
4140.830	-0.770	9.140
4140.840	-0.770	8.750
4140.850	-0.670	7.944
4140.860	-0.670	7.811
4140.870	-0.670	7.591
4140.880	-0.580	7.318
4140.890	-0.580	7.099
4140.900	-0.580	6.472
4140.910	-0.480	6.252
4140.920	-0.480	5.993
4140.930	-0.480	5.407
4140.940	-0.390	5.021
4140.950	-0.390	4.801
4140.960	-0.390	4.362
4140.970	-0.290	3.849
4140.980	-0.290	3.642
4140.990	-0.290	3.422
4141.000	-0.170	2.976
4141.010	-0.170	2.553
4141.020	-0.170	1.853
4141.030	-0.050	1.853
4141.040	-0.050	1.653
4141.050	-0.050	0.921
4141.060	0.020	0.921
4141.070	0.020	0.408
4141.080	0.020	-0.650
4141.090	0.130	-0.650
4141.100	0.130	-1.009
4141.110	0.130	-1.685
4141.120	0.220	-1.685
4141.130	0.220	-1.978
4141.140	0.220	-2.271
4141.150	0.330	-2.597
4141.160	0.330	-3.109
4141.170	0.330	-3.402
4141.180	0.420	-3.622
4141.190	0.420	-3.980
4141.200	0.420	-4.493
4141.210	0.510	-4.806
4141.220	0.510	-5.026
4141.230	0.510	-5.392
4141.240	0.590	-5.978
4141.250	0.590	-6.229
4141.260	0.590	-6.449
4141.270	0.680	-6.868
4141.280	0.680	-7.015
4141.290	0.680	-7.170
4141.300	0.760	-7.389
4141.310	0.760	-7.670
4141.320	0.760	-8.403
4141.330	0.830	-8.476
4141.340	0.830	-8.737
4141.350	0.830	-9.111
4141.360	0.910	-9.304
4141.370	0.910	-9.544
4141.380	0.910	-10.414
4141.390	0.980	-10.414
4141.400	0.980	-10.488
4141.410	0.980	-10.773
4141.420	1.050	-10.773
4141.430	1.050	-11.432
4141.440	1.050	-11.830
4141.450	1.120	-11.830
4141.460	1.120	-11.930
4141.470	1.120	-12.809
4141.480	1.180	-12.809
4141.490	1.180	-12.598
4141.500	1.180	-13.037
4141.510	1.250	-13.037
4141.520	1.250	-13.550
4141.530	1.250	-13.916
4141.540	1.340	-13.916
4141.550	1.340	-14.136
4141.560	1.340	-14.722
4141.570	1.390	-14.722
4141.580	1.390	-14.868
4141.590	1.390	-15.527
4141.600	1.460	-15.527
4141.610	1.460	-15.747
4141.620	1.460	-16.479
4141.630	1.530	-16.479
4141.640	1.530	-16.406
4141.650	1.530	-17.065
4141.660	1.580	-17.065
4141.670	1.580	-17.358
4141.680	1.580	-17.578
4141.690	1.650	-17.578
4141.700	1.650	-17.725
4141.710	1.650	-18.237
4141.720	1.700	-18.237
4141.730	1.700	-18.197
4141.740	1.700	-18.490
4141.750	1.760	-18.783
4141.760	1.760	-18.783
4141.770	1.760	-18.930
4141.780	1.800	-19.442
4141.790	1.800	-19.442
4141.800	1.800	-19.809
4141.810	1.880	-19.589
4141.820	1.880	-19.955
4141.830	1.880	-20.215
4141.840	1.900	-20.654
4141.850	1.900	-20.801
4141.860	1.900	-20.947
4141.870	1.980	-21.313
4141.880	1.980	-21.403
4141.890	1.980	-21.989
4141.900	2.010	-21.783
4141.910	2.010	-22.222
4141.920	2.010	-22.222
4141.930	2.050	-22.588
4141.940	2.050	-22.824
4141.950	2.050	-23.044
4141.960	2.100	-22.844
4141.970	2.100	-22.991
4141.980	2.100	-22.828
4141.990	2.120	-23.121
4142.000	2.120	-23.417
4142.010	2.120	-23.637
4142.020	2.170	-23.710
4142.030	2.170	-23.710
4142.040	2.170	-23.620
4142.050	2.210	-23.693
4142.060	2.210	-24.300
4142.070	2.210	-24.447
4142.080	2.240	-24.513
4142.090	2.240	-24.367
4142.100	2.240	-24.497
4142.110	2.260	-24.424
4142.120	2.260	-24.863
4142.130	2.260	-24.863
4142.140	2.290	-25.449
4142.150	2.290	-25.490
4142.160	2.290	-25.596
4142.170	2.340	-25.296
4142.180	2.340	-25.596
4142.190	2.340	-25.596
4142.200	2.350	-25.742
4142.210	2.350	-26.181
4142.220	2.350	-26.108
4142.230	2.350	-26.348
4142.240	2.350	-25.908
4142.250	2.350	-26.088
4142.260	2.380	-25.868
4142.270	2.380	-26.534
4142.280	2.380	-26.607
4142.290	2.420	-26.607
4142.300	2.420	-27.046
4142.310	2.420	-26.827
4142.320	2.430	-26.827
4142.330	2.430	-26.660
4142.340	2.430	-26.733
4142.350	2.430	-26.733
4142.360	2.430	-26.880
4142.370	2.430	-26.747
4142.380	2.430	-26.820
4142.390	2.430	-26.966
4142.400	2.430	-26.381
4142.410	2.430	-26.673
4142.420	2.430	-26.527
4142.430	2.430	-26.600
4142.440	2.440	-26.966
4142.450	2.440	-26.893
4142.460	2.440	-26.966
4142.470	2.460	-26.807
4142.480	2.460	-26.807
4142.490	2.460	-26.807
4142.500	2.450	-27.026
4142.510	2.450	-27.173
4142.520	2.450	-27.026
4142.530	2.430	-27.100
4142.540	2.430	-26.514
4142.550	2.430	-26.733
4142.560	2.420	-26.807
4142.570	2.420	-26.660
4142.580	2.420	-26.953
4142.590	2.390	-26.807
4142.600	2.390	-27.026
4142.610	2.390	-26.514
4142.620	2.380	-26.487
4142.630	2.380	-26.267
4142.640	2.380	-26.267
4142.650	2.370	-26.194
4142.660	2.370	-26.259
4142.670	2.370	-26.552
4142.680	2.330	-25.886
4142.690	2.330	-25.960
4142.700	2.330	-25.447
4142.710	2.300	-25.520
4142.720	2.300	-25.661
4142.730	2.300	-25.661
4142.740	2.250	-25.434
4142.750	2.250	-25.215
4142.760	2.250	-24.710
4142.770	2.220	-24.344
4142.780	2.220	-24.684
4142.790	2.220	-24.391
4142.800	2.180	-24.171
4142.810	2.180	-24.098
4142.820	2.180	-23.764
4142.830	2.130	-23.618
4142.840	2.130	-23.796
4142.850	2.130	-23.722
4142.860	2.090	-23.443
4142.870	2.090	-23.223
4142.880	2.090	-22.743
4142.890	2.030	-22.743
4142.900	2.030	-22.596
4142.910	2.030	-22.377
4142.920	1.960	-22.084
4142.930	1.960	-21.791
4142.940	1.960	-21.254
4142.950	1.900	-21.107
4142.960	1.900	-21.021
4142.970	1.900	-20.728
4142.980	1.840	-20.874
4142.990	1.840	-20.142
4143.000	1.840	-19.995
4143.010	1.760	-19.702
4143.020	1.760	-19.556
4143.030	1.760	-19.482
4143.040	1.720	-19.263
4143.050	1.720	-18.750
4143.060	1.720	-18.604
4143.070	1.610	-18.457
4143.080	1.610	-17.725
4143.090	1.610	-17.798
4143.100	1.540	-17.651
4143.110	1.540	-17.212
4143.120	1.540	-16.846
4143.130	1.460	-16.553
4143.140	1.460	-16.187
4143.150	1.460	-16.040
4143.160	1.300	-15.674
4143.170	1.300	-15.161
4143.180	1.300	-15.161
4143.190	1.270	-14.502
4143.200	1.270	-14.136
4143.210	1.270	-13.916
4143.220	1.190	-13.770
4143.230	1.190	-13.143
4143.240	1.190	-12.996
4143.250	1.080	-12.391
4143.260	1.080	-12.171
4143.270	1.080	-11.731
4143.280	0.980	-11.292
4143.290	0.980	-11.243
4143.300	0.980	-10.730
4143.310	0.880	-10.484
4143.320	0.880	-9.752
4143.330	0.880	-9.499
4143.340	0.780	-9.133
4143.350	0.780	-8.852
4143.360	0.780	-8.266
4143.370	0.660	-8.193
4143.380	0.660	-7.607
4143.390	0.660	-7.070
4143.400	0.550	-6.557
4143.410	0.550	-6.071
4143.420	0.550	-5.998
4143.430	0.450	-5.558
4143.440	0.450	-5.046
4143.450	0.450	-4.687
4143.460	0.340	-4.248
4143.470	0.340	-3.735
4143.480	0.340	-3.442
4143.490	0.220	-3.223
4143.500	0.220	-3.003
4143.510	0.220	-2.637
4143.520	0.130	-2.124
4143.530	0.130	-1.758
4143.540	0.130	-1.392
4143.550	0.010	-0.952
4143.560	0.010	-0.586
4143.570	0.010	-0.146
4143.580	-0.090	0.293
4143.590	-0.090	0.659
4143.600	-0.090	1.099
4143.610	-0.180	1.465
4143.620	-0.180	1.758
4143.630	-0.180	2.124
4143.640	-0.270	2.563
4143.650	-0.270	2.783
4143.660	-0.270	3.076
4143.670	-0.360	3.223
4143.680	-0.360	3.369
4143.690	-0.360	3.882
4143.700	-0.430	4.248
4143.710	-0.430	4.541
4143.720	-0.430	4.834
4143.730	-0.510	5.273
4143.740	-0.510	5.420
4143.750	-0.510	5.566
4143.760	-0.600	6.006
4143.770	-0.600	6.592
4143.780	-0.600	6.958
4143.790	-0.700	7.324
4143.800	-0.700	7.397
4143.810	-0.700	7.690
4143.820	-0.790	8.276
4143.830	-0.790	8.350
4143.840	-0.790	8.789
4143.850	-0.870	9.155
4143.860	-0.870	9.302
4143.870	-0.870	9.595
4143.880	-0.950	10.034
4143.890	-0.950	10.107
4143.900	-0.950	10.547
4143.910	-1.040	11.060
4143.920	-1.040	11.133
4143.930	-1.040	11.426
4143.940	-1.110	11.792
4143.950	-1.110	12.158
4143.960	-1.110	12.671
4143.970	-1.210	12.524
4143.980	-1.210	13.143
4143.990	-1.210	13.582
4144.000	-1.270	13.609
4144.010	-1.270	13.975
4144.020	-1.270	14.341
4144.030	-1.370	14.488
4144.040	-1.370	14.976
4144.050	-1.370	15.416
4144.060	-1.420	15.209
4144.070	-1.420	15.942
4144.080	-1.420	15.909
4144.090	-1.510	15.909
4144.100	-1.510	16.468
4144.110	-1.510	16.542
4144.120	-1.550	16.908
4144.130	-1.550	17.421
4144.140	-1.550	16.932
4144.150	-1.630	17.298
4144.160	-1.630	17.871
4144.170	-1.630	18.018
4144.180	-1.700	18.311
4144.190	-1.700	18.384
4144.200	-1.700	18.677
4144.210	-1.750	18.896
4144.220	-1.750	19.116
4144.230	-1.750	19.263
4144.240	-1.810	19.849
4144.250	-1.810	19.849
4144.260	-1.810	19.979
4144.270	-1.870	20.199
4144.280	-1.870	20.052
4144.290	-1.870	20.711
4144.300	-1.930	20.785
4144.310	-1.930	21.411
4144.320	-1.930	21.411
4144.330	-1.970	21.564
4144.340	-1.970	21.638
4144.350	-1.970	22.004
4144.360	-2.020	22.240
4144.370	-2.020	22.240
4144.380	-2.020	22.858
4144.390	-2.060	22.852
4144.400	-2.060	22.998
4144.410	-2.060	22.738
4144.420	-2.110	22.957
4144.430	-2.110	23.244
4144.440	-2.110	23.463
4144.450	-2.150	23.463
4144.460	-2.150	23.537
4144.470	-2.150	23.903
4144.480	-2.180	23.724
4144.490	-2.180	23.877
4144.500	-2.180	23.950
4144.510	-2.220	24.243
4144.520	-2.220	24.097
4144.530	-2.220	24.316
4144.540	-2.250	24.463
4144.550	-2.250	24.829
4144.560	-2.250	24.829
4144.570	-2.270	24.976
4144.580	-2.270	25.122
4144.590	-2.270	25.269
4144.600	-2.280	25.488
4144.610	-2.280	25.269
4144.620	-2.280	25.635
4144.630	-2.300	25.488
4144.640	-2.300	25.635
4144.650	-2.300	25.342
4144.660	-2.320	25.928
4144.670	-2.320	25.708
4144.680	-2.320	25.781
4144.690	-2.330	25.928
4144.700	-2.330	25.781
4144.710	-2.330	26.001
4144.720	-2.350	25.928
4144.730	-2.350	26.147
4144.740	-2.350	25.928
4144.750	-2.340	26.367
4144.760	-2.340	26.001
4144.770	-2.340	26.147
4144.780	-2.350	26.221
4144.790	-2.350	25.928
4144.800	-2.350	26.221
4144.810	-2.360	26.074
4144.820	-2.360	26.294
4144.830	-2.360	26.001
4144.840	-2.370	26.660
4144.850	-2.370	26.221
4144.860	-2.370	26.221
4144.870	-2.370	26.294
4144.880	-2.370	26.074
4144.890	-2.370	26.294
4144.900	-2.370	26.147
4144.910	-2.370	26.440
4144.920	-2.370	26.147
4144.930	-2.360	26.440
4144.940	-2.360	26.213
4144.950	-2.360	26.213
4144.960	-2.340	26.113
4144.970	-2.340	25.746
4144.980	-2.340	25.966
4144.990	-2.320	25.746
4145.000	-2.320	25.820
4145.010	-2.320	25.722
4145.020	-2.300	25.895
4145.030	-2.300	25.529
4145.040	-2.300	25.317
4145.050	-2.280	25.391
4145.060	-2.280	25.694
4145.070	-2.280	25.840
4145.080	-2.250	25.401
4145.090	-2.250	25.547
4145.100	-2.250	25.254
4145.110	-2.230	25.059
4145.120	-2.230	24.919
4145.130	-2.230	25.212
4145.140	-2.200	24.706
4145.150	-2.200	24.559
4145.160	-2.200	24.063
4145.170	-2.160	24.136
4145.180	-2.160	24.299
4145.190	-2.160	24.225
4145.200	-2.130	24.012
4145.210	-2.130	23.939
4145.220	-2.130	23.614
4145.230	-2.100	23.394
4145.240	-2.100	23.623
4145.250	-2.100	23.696
4145.260	-2.060	23.423
4145.270	-2.060	23.204
4145.280	-2.060	22.968
4145.290	-2.020	22.821
4145.300	-2.020	22.815
4145.310	-2.020	22.920
4145.320	-1.980	22.721
4145.330	-1.980	22.428
4145.340	-1.980	22.265
4145.350	-1.930	21.679
4145.360	-1.930	21.805
4145.370	-1.930	21.293
4145.380	-1.880	21.439
4145.390	-1.880	21.211
4145.400	-1.880	21.211
4145.410	-1.820	20.553
4145.420	-1.820	20.313
4145.430	-1.820	20.240
4145.440	-1.770	19.727
4145.450	-1.770	20.102
4145.460	-1.770	19.882
4145.470	-1.720	19.715
4145.480	-1.720	19.276
4145.490	-1.720	18.771
4145.500	-1.660	18.625
4145.510	-1.660	18.714
4145.520	-1.660	18.421
4145.530	-1.580	18.101
4145.540	-1.580	18.174
4145.550	-1.580	17.361
4145.560	-1.510	17.141
4145.570	-1.510	17.267
4145.580	-1.510	16.834
4145.590	-1.440	16.834
4145.600	-1.440	16.394
4145.610	-1.440	15.898
4145.620	-1.360	15.898
4145.630	-1.360	15.632
4145.640	-1.360	14.972
4145.650	-1.280	15.119
4145.660	-1.280	14.633
4145.670	-1.280	14.088
4145.680	-1.190	13.788
4145.690	-1.190	13.642
4145.700	-1.190	13.349
4145.710	-1.120	12.964
4145.720	-1.120	12.451
4145.730	-1.120	12.231
4145.740	-1.020	12.158
4145.750	-1.020	11.768
4145.760	-1.020	11.301
4145.770	-0.920	11.188
4145.780	-0.920	10.895
4145.790	-0.920	10.383
4145.800	-0.840	10.016
4145.810	-0.840	9.750
4145.820	-0.840	9.604
4145.830	-0.740	9.224
4145.840	-0.740	8.785
4145.850	-0.740	8.223
4145.860	-0.670	8.223
4145.870	-0.670	7.661
4145.880	-0.670	7.295
4145.890	-0.540	6.809
4145.900	-0.540	6.516
4145.910	-0.540	6.296
4145.920	-0.450	5.783
4145.930	-0.450	5.243
4145.940	-0.450	4.950
4145.950	-0.340	4.557
4145.960	-0.340	4.118
4145.970	-0.340	3.841
4145.980	-0.220	3.621
4145.990	-0.220	3.229
4146.000	-0.220	2.789
4146.010	-0.130	2.276
4146.020	-0.130	1.910
4146.030	-0.130	1.585
4146.040	-0.020	1.292
4146.050	-0.020	0.879
4146.060	-0.020	0.513
4146.070	0.090	-0.073
4146.080	0.090	-0.513
4146.090	0.090	-1.359
4146.100	0.200	-1.359
4146.110	0.200	-1.652
4146.120	0.200	-2.018
4146.130	0.300	-2.351
4146.140	0.300	-2.864
4146.150	0.300	-3.303
4146.160	0.400	-3.670
4146.170	0.400	-3.865
4146.180	0.400	-4.158
4146.190	0.500	-4.417
4146.200	0.500	-4.856
4146.210	0.500	-5.149
4146.220	0.600	-5.735
4146.230	0.600	-6.297
4146.240	0.600	-6.810
4146.250	0.700	-6.810
4146.260	0.700	-7.176
4146.270	0.700	-8.153
4146.280	0.780	-8.153
4146.290	0.780	-8.219
4146.300	0.780	-8.512
4146.310	0.860	-8.925
4146.320	0.860	-8.998
4146.330	0.860	-9.275
4146.340	0.920	-9.495
4146.350	0.920	-9.845
4146.360	0.920	-10.065
4146.370	1.000	-10.517
4146.380	1.000	-10.298
4146.390	1.000	-10.883
4146.400	1.070	-11.030
4146.410	1.070	-11.659
4146.420	1.070	-11.659
4146.430	1.140	-11.819
4146.440	1.140	-12.331
4146.450	1.140	-12.274
4146.460	1.220	-12.714
4146.470	1.220	-12.766
4146.480	1.220	-13.571
4146.490	1.300	-13.585
4146.500	1.300	-13.878
4146.510	1.300	-13.935
4146.520	1.360	-14.301
4146.530	1.360	-14.759
4146.540	1.360	-15.126
4146.550	1.430	-15.345
4146.560	1.430	-15.345
4146.570	1.430	-15.793
4146.580	1.500	-15.793
4146.590	1.500	-16.414
4146.600	1.500	-16.634
4146.610	1.570	-16.681
4146.620	1.570	-17.193
4146.630	1.570	-16.941
4146.640	1.620	-17.088
4146.650	1.620	-17.739
4146.660	1.620	-18.178
4146.670	1.700	-18.278
4146.680	1.700	-18.132
4146.690	1.700	-18.229
4146.700	1.740	-18.522
4146.710	1.740	-19.070
4146.720	1.740	-19.289
4146.730	1.810	-19.482
4146.740	1.810	-19.849
4146.750	1.810	-19.491
4146.760	1.860	-19.784
4146.770	1.860	-20.050
4146.780	1.860	-20.636
4146.790	1.930	-20.716
4146.800	1.930	-20.935
4146.810	1.930	-20.927
4146.820	1.970	-21.001
4146.830	1.970	-21.874
4146.840	1.970	-21.800
4146.850	2.040	-22.240
4146.860	2.040	-22.166
4146.870	2.040	-22.459
4146.880	2.060	-22.606
4146.890	2.060	-23.161
4146.900	2.060	-23.161
4146.910	2.130	-23.287
4146.920	2.130	-23.287
4146.930	2.130	-23.491
4146.940	2.170	-23.857
4146.950	2.170	-24.077
4146.960	2.170	-24.150
4146.970	2.200	-24.150
4146.980	2.200	-24.223
4146.990	2.200	-24.467
4147.000	2.260	-24.467
4147.010	2.260	-24.561
4147.020	2.260	-25.073
4147.030	2.300	-24.907
4147.040	2.300	-25.175
4147.050	2.300	-25.696
4147.060	2.320	-25.696
4147.070	2.320	-25.623
4147.080	2.320	-25.916
4147.090	2.360	-25.916
4147.100	2.360	-26.062
4147.110	2.360	-26.209
4147.120	2.400	-26.209
4147.130	2.400	-26.742
4147.140	2.400	-26.815
4147.150	2.440	-26.815
4147.160	2.440	-26.440
4147.170	2.440	-27.026
4147.180	2.450	-27.026
4147.190	2.450	-27.100
4147.200	2.450	-27.246
4147.210	2.480	-27.246
4147.220	2.480	-27.246
4147.230	2.480	-27.539
4147.240	2.520	-27.539
4147.250	2.520	-27.832
4147.260	2.520	-27.832
4147.270	2.540	-27.832
4147.280	2.540	-27.759
4147.290	2.540	-28.052
4147.300	2.550	-28.052
4147.310	2.550	-28.052
4147.320	2.550	-28.125
4147.330	2.550	-28.125
4147.340	2.550	-28.198
4147.350	2.550	-28.271
4147.360	2.570	-28.271
4147.370	2.570	-28.345
4147.380	2.570	-28.418
4147.390	2.580	-28.418
4147.400	2.580	-28.345
4147.410	2.580	-28.491
4147.420	2.590	-28.491
4147.430	2.590	-28.638
4147.440	2.590	-28.345
4147.450	2.590	-28.345
4147.460	2.590	-28.491
4147.470	2.590	-28.491
4147.480	2.580	-28.491
4147.490	2.580	-28.418
4147.500	2.580	-28.418
4147.510	2.560	-28.418
4147.520	2.560	-28.491
4147.530	2.560	-28.271
4147.540	2.550	-28.271
4147.550	2.550	-28.198
4147.560	2.550	-28.198
4147.570	2.540	-28.198
4147.580	2.540	-28.198
4147.590	2.540	-28.052
4147.600	2.540	-28.052
4147.610	2.540	-27.979
4147.620	2.540	-27.832
4147.630	2.520	-27.832
4147.640	2.520	-27.832
4147.650	2.520	-27.612
4147.660	2.480	-27.612
4147.670	2.480	-27.393
4147.680	2.480	-27.100
4147.690	2.440	-27.100
4147.700	2.440	-27.246
4147.710	2.440	-27.173
4147.720	2.420	-27.173
4147.730	2.420	-26.587
4147.740	2.420	-26.367
4147.750	2.390	-26.367
4147.760	2.390	-26.367
4147.770	2.390	-26.184
4147.780	2.340	-26.184
4147.790	2.340	-26.184
4147.800	2.340	-25.745
4147.810	2.300	-25.745
4147.820	2.300	-25.379
4147.830	2.300	-25.086
4147.840	2.250	-25.086
4147.850	2.250	-25.086
4147.860	2.250	-24.793
4147.870	2.190	-24.726
4147.880	2.190	-24.083
4147.890	2.190	-23.864
4147.900	2.130	-23.790
4147.910	2.130	-23.424
4147.920	2.130	-23.375
4147.930	2.100	-23.375
4147.940	2.100	-23.229
4147.950	2.100	-22.570
4147.960	2.020	-22.570
4147.970	2.020	-22.437
4147.980	2.020	-22.070
4147.990	1.940	-22.070
4148.000	1.940	-21.851
4148.010	1.940	-21.240
4148.020	1.900	-21.240
4148.030	1.900	-20.801
4148.040	1.900	-19.995
4148.050	1.790	-19.995
4148.060	1.790	-20.068
4148.070	1.790	-19.629
4148.080	1.720	-19.629
4148.090	1.720	-19.116
4148.100	1.720	-18.823
4148.110	1.650	-18.530
4148.120	1.650	-18.311
4148.130	1.650	-17.798
4148.140	1.550	-17.498
4148.150	1.550	-17.498
4148.160	1.550	-16.497
4148.170	1.470	-16.497
4148.180	1.470	-16.497
4148.190	1.470	-15.838
4148.200	1.380	-15.399
4148.210	1.380	-15.399
4148.220	1.380	-14.626
4148.230	1.270	-14.626
4148.240	1.270	-14.478
4148.250	1.270	-13.819
4148.260	1.170	-13.819
4148.270	1.170	-13.355
4148.280	1.170	-12.696
4148.290	1.070	-12.696
4148.300	1.070	-12.037
4148.310	1.070	-11.231
4148.320	0.960	-11.231
4148.330	0.960	-10.978
4148.340	0.960	-9.961
4148.350	0.860	-9.961
4148.360	0.860	-9.595
4148.370	0.860	-8.936
4148.380	0.740	-8.936
4148.390	0.740	-8.276
4148.400	0.740	-7.910
4148.410	0.610	-7.910
4148.420	0.610	-7.324
4148.430	0.610	-6.006
4148.440	0.490	-6.006
4148.450	0.490	-5.640
4148.460	0.490	-5.054
4148.470	0.390	-5.054
4148.480	0.390	-4.541
4148.490	0.390	-3.658
4148.500	0.270	-3.658
4148.510	0.270	-3.146
4148.520	0.270	-2.413
4148.530	0.150	-2.413
4148.540	0.150	-2.047
4148.550	0.150	-1.168
4148.560	0.020	-1.168
4148.570	0.020	-0.729
4148.580	0.020	-0.016
4148.590	-0.080	-0.016
4148.600	-0.080	0.366
4148.610	-0.080	1.172
4148.620	-0.180	1.172
4148.630	-0.180	1.611
4148.640	-0.180	2.271
4148.650	-0.260	2.271
4148.660	-0.260	2.563
4148.670	-0.260	3.296
4148.680	-0.360	3.296
4148.690	-0.360	3.809
4148.700	-0.360	4.321
4148.710	-0.450	4.321
4148.720	-0.450	4.761
4148.730	-0.450	5.273
4148.740	-0.550	5.273
4148.750	-0.550	5.640
4148.760	-0.550	6.738
4148.770	-0.650	6.738
4148.780	-0.650	6.958
4148.790	-0.650	7.397
4148.800	-0.740	7.910
4148.810	-0.740	8.203
4148.820	-0.740	8.423
4148.830	-0.820	8.423
4148.840	-0.820	8.936
4148.850	-0.820	9.595
4148.860	-0.910	9.595
4148.870	-0.910	9.814
4148.880	-0.910	10.247
4148.890	-1.000	10.247
4148.900	-1.000	11.052
4148.910	-1.000	11.492
4148.920	-1.090	11.492
4148.930	-1.090	11.711
4148.940	-1.090	12.737
4148.950	-1.190	12.737
4148.960	-1.190	12.517
4148.970	-1.190	13.289
4148.980	-1.260	13.289
4148.990	-1.260	13.696
4149.000	-1.260	14.282
4149.010	-1.350	14.282
4149.020	-1.350	14.429
4149.030	-1.350	15.015
4149.040	-1.410	15.015
4149.050	-1.410	15.088
4149.060	-1.410	16.040
4149.070	-1.510	16.040
4149.080	-1.510	16.187
4149.090	-1.510	16.699
4149.100	-1.560	16.699
4149.110	-1.560	17.039
4149.120	-1.560	17.332
4149.130	-1.650	17.259
4149.140	-1.650	17.698
4149.150	-1.650	18.137
4149.160	-1.720	18.357
4149.170	-1.720	18.504
4149.180	-1.720	18.992
4149.190	-1.770	19.092
4149.200	-1.770	19.165
4149.210	-1.770	19.631
4149.220	-1.850	20.608
4149.230	-1.850	20.608
4149.240	-1.850	21.120
4149.250	-1.910	21.120
4149.260	-1.910	21.120
4149.270	-1.910	21.444
4149.280	-1.970	21.792
4149.290	-1.970	21.792
4149.300	-1.970	22.232
4149.310	-2.010	22.032
4149.320	-2.010	22.252
4149.330	-2.010	22.007
4149.340	-2.090	22.447
4149.350	-2.090	22.463
4149.360	-2.090	23.049
4149.370	-2.120	23.049
4149.380	-2.120	23.482
4149.390	-2.120	23.620
4149.400	-2.180	23.620
4149.410	-2.180	24.040
4149.420	-2.180	24.552
4149.430	-2.220	24.552
4149.440	-2.220	24.479
4149.450	-2.220	24.683
4149.460	-2.240	24.683
4149.470	-2.240	24.669
4149.480	-2.240	24.523
4149.490	-2.290	25.036
4149.500	-2.290	24.816
4149.510	-2.290	25.182
4149.520	-2.310	25.328
4149.530	-2.310	25.475
4149.540	-2.310	25.548
4149.550	-2.350	25.548
4149.560	-2.350	25.768
4149.570	-2.350	26.294
4149.580	-2.370	26.359
4149.590	-2.370	26.359
4149.600	-2.370	26.725
4149.610	-2.390	26.725
4149.620	-2.390	26.652
4149.630	-2.390	26.725
4149.640	-2.420	26.725
4149.650	-2.420	26.872
4149.660	-2.420	26.872
4149.670	-2.430	27.245
4149.680	-2.430	26.952
4149.690	-2.430	26.903
4149.700	-2.450	26.903
4149.710	-2.450	26.830
4149.720	-2.450	27.123
4149.730	-2.460	27.123
4149.740	-2.460	27.489
4149.750	-2.460	27.342
4149.760	-2.460	27.342
4149.770	-2.460	27.076
4149.780	-2.460	27.222
4149.790	-2.450	27.515
4149.800	-2.450	27.133
4149.810	-2.450	27.279
4149.820	-2.460	27.279
4149.830	-2.460	26.986
4149.840	-2.460	27.133
4149.850	-2.450	27.206
4149.860	-2.450	27.206
4149.870	-2.450	27.393
4149.880	-2.450	27.319
4149.890	-2.450	27.100
4149.900	-2.450	26.953
4149.910	-2.430	27.466
4149.920	-2.430	27.100
4149.930	-2.430	27.246
4149.940	-2.410	27.026
4149.950	-2.410	26.733
4149.960	-2.410	26.953
4149.970	-2.400	26.733
4149.980	-2.400	27.026
4149.990	-2.400	26.880
4150.000	-2.390	27.026
4150.010	-2.390	26.514
4150.020	-2.390	26.514
4150.030	-2.370	26.514
4150.040	-2.370	26.147
4150.050	-2.370	26.514
4150.060	-2.330	26.221
4150.070	-2.330	26.294
4150.080	-2.330	25.928
4150.090	-2.310	26.074
4150.100	-2.310	25.781
4150.110	-2.310	25.635
4150.120	-2.280	25.781
4150.130	-2.280	25.415
4150.140	-2.280	25.488
4150.150	-2.250	25.122
4150.160	-2.250	25.122
4150.170	-2.250	24.756
4150.180	-2.220	24.902
4150.190	-2.220	24.390
4150.200	-2.220	24.536
4150.210	-2.180	24.316
4150.220	-2.180	24.170
4150.230	-2.180	24.097
4150.240	-2.140	24.170
4150.250	-2.140	23.804
4150.260	-2.140	23.657
4150.270	-2.090	23.584
4150.280	-2.090	23.291
4150.290	-2.090	23.145
4150.300	-2.040	22.925
4150.310	-2.040	22.778
4150.320	-2.040	22.632
4150.330	-1.990	22.632
4150.340	-1.990	22.192
4150.350	-1.990	21.899
4150.360	-1.930	21.899
4150.370	-1.930	22.062
4150.380	-1.930	21.476
4150.390	-1.870	21.490
4150.400	-1.870	21.050
4150.410	-1.870	21.050
4150.420	-1.810	20.684
4150.430	-1.810	20.521
4150.440	-1.810	20.195
4150.450	-1.750	19.755
4150.460	-1.750	19.983
4150.470	-1.750	19.528
4150.480	-1.680	19.368
4150.490	-1.680	19.061
4150.500	-1.680	18.768
4150.510	-1.630	18.549
4150.520	-1.630	18.524
4150.530	-1.630	17.881
4150.540	-1.550	17.815
4150.550	-1.550	17.815
4150.560	-1.550	16.855
4150.570	-1.480	16.708
4150.580	-1.480	16.900
4150.590	-1.480	16.388
4150.600	-1.400	16.374
4150.610	-1.400	15.935
4150.620	-1.400	15.154
4150.630	-1.330	15.447
4150.640	-1.330	15.180
4150.650	-1.330	14.814
4150.660	-1.250	14.694
4150.670	-1.250	14.182
4150.680	-1.250	13.783
4150.690	-1.150	13.490
4150.700	-1.150	13.438
4150.710	-1.150	13.072
4150.720	-1.080	13.099
4150.730	-1.080	12.293
4150.740	-1.080	11.927
