%Time [ms]	Commanded Torque [mNm]	Angular Velocity [RPM]	Actual Current [Amp]	%8/25/20221:25 PM
20.000	15.000	11.719	-0.007
30.000	15.000	11.719	-0.007
40.000	15.000	11.719	-0.007
50.000	15.000	-21.484	-0.033
60.000	15.000	-21.484	-0.033
70.000	15.000	-21.484	-0.033
80.000	15.000	0.000	-0.025
90.000	15.000	0.000	-0.025
100.000	15.000	0.000	-0.025
110.000	15.000	-31.250	-0.026
120.000	15.000	-31.250	-0.026
130.000	15.000	-31.250	-0.026
140.000	15.000	11.719	-0.008
150.000	15.000	11.719	-0.008
160.000	15.000	11.719	-0.008
170.000	15.000	-13.672	-0.023
180.000	15.000	-13.672	-0.023
190.000	15.000	-13.672	-0.023
200.000	15.000	-17.578	-0.006
210.000	15.000	-17.578	-0.006
220.000	15.000	-17.578	-0.006
230.000	15.000	-21.484	-0.006
240.000	15.000	-21.484	-0.006
250.000	15.000	-21.484	-0.006
260.000	15.000	-41.016	-0.027
270.000	15.000	-41.016	-0.027
280.000	15.000	-41.016	-0.027
290.000	15.000	5.859	-0.013
300.000	15.000	5.859	-0.013
310.000	15.000	5.859	-0.013
320.000	15.000	-23.437	0.000
330.000	15.000	-23.437	0.000
340.000	15.000	-23.437	0.000
350.000	15.000	0.000	0.000
360.000	15.000	0.000	0.000
370.000	15.000	0.000	0.000
380.000	15.000	0.000	-0.036
390.000	15.000	0.000	-0.036
400.000	15.000	0.000	-0.036
410.000	15.000	-19.531	-0.029
420.000	15.000	-19.531	-0.029
430.000	15.000	-19.531	-0.029
440.000	15.000	-29.297	-0.012
450.000	15.000	-29.297	-0.012
460.000	15.000	-29.297	-0.012
470.000	15.000	15.625	-0.027
480.000	15.000	15.625	-0.027
490.000	15.000	15.625	-0.027
500.000	15.000	-5.859	-0.025
510.000	15.000	-5.859	-0.025
520.000	15.000	-5.859	-0.025
530.000	15.000	-9.766	-0.031
540.000	15.000	-9.766	-0.031
550.000	15.000	-9.766	-0.031
560.000	15.000	0.000	-0.012
570.000	15.000	0.000	-0.012
580.000	15.000	0.000	-0.012
590.000	15.000	-29.297	-0.021
600.000	15.000	-29.297	-0.021
610.000	15.000	-29.297	-0.021
620.000	15.000	-11.719	-0.010
630.000	15.000	-11.719	-0.010
640.000	15.000	-11.719	-0.010
650.000	15.000	1.953	-0.010
660.000	15.000	1.953	-0.010
670.000	15.000	1.953	-0.010
680.000	15.000	-3.906	0.001
690.000	15.000	-3.906	0.001
700.000	15.000	-3.906	0.001
710.000	15.000	-1.953	-0.012
720.000	15.000	-1.953	-0.012
730.000	15.000	-1.953	-0.012
740.000	15.000	0.000	-0.003
750.000	15.000	0.000	-0.003
760.000	15.000	0.000	-0.003
770.000	15.000	-33.203	-0.006
780.000	15.000	-33.203	-0.006
790.000	15.000	-33.203	-0.006
800.000	15.000	-11.719	-0.013
810.000	15.000	-11.719	-0.013
820.000	15.000	-11.719	-0.013
830.000	15.000	-29.297	-0.040
840.000	15.000	-29.297	-0.040
850.000	15.000	-29.297	-0.040
860.000	15.000	-25.391	-0.018
870.000	15.000	-25.391	-0.018
880.000	15.000	-25.391	-0.018
890.000	15.000	-31.250	-0.020
900.000	15.000	-31.250	-0.020
910.000	15.000	-31.250	-0.020
920.000	15.000	-17.578	-0.013
930.000	15.000	-17.578	-0.013
940.000	15.000	-17.578	-0.013
950.000	15.000	1.953	-0.017
960.000	15.000	1.953	-0.017
970.000	15.000	1.953	-0.017
980.000	15.000	-29.297	-0.029
990.000	15.000	-29.297	-0.029
1000.000	15.000	-29.297	-0.029
1010.000	15.000	-1.953	-0.033
1020.000	15.000	-1.953	-0.033
1030.000	15.000	-1.953	-0.033
1040.000	15.000	-27.344	-0.017
1050.000	15.000	-27.344	-0.017
1060.000	15.000	-27.344	-0.017
1070.000	15.000	1.953	-0.016
1080.000	15.000	1.953	-0.016
1090.000	15.000	1.953	-0.016
1100.000	15.000	15.625	0.242
1110.000	15.000	15.625	0.242
1120.000	15.000	15.625	0.242
1130.000	15.000	-19.531	0.363
1140.000	15.000	-19.531	0.363
1150.000	15.000	-19.531	0.363
1160.000	15.000	39.062	0.416
1170.000	15.000	39.062	0.416
1180.000	15.000	39.062	0.416
1190.000	15.000	58.594	0.425
1200.000	15.000	58.594	0.425
1210.000	15.000	58.594	0.425
1220.000	15.000	130.859	0.437
1230.000	15.000	130.859	0.437
1240.000	15.000	130.859	0.437
1250.000	15.000	164.062	0.427
1260.000	15.000	164.062	0.427
1270.000	15.000	164.062	0.427
1280.000	15.000	212.891	0.442
1290.000	15.000	212.891	0.442
1300.000	15.000	212.891	0.442
1310.000	15.000	218.750	0.428
1320.000	15.000	218.750	0.428
1330.000	15.000	218.750	0.428
1340.000	15.000	267.578	0.440
1350.000	15.000	267.578	0.440
1360.000	15.000	267.578	0.440
1370.000	15.000	345.703	0.440
1380.000	15.000	345.703	0.440
1390.000	15.000	345.703	0.440
1400.000	15.000	332.031	0.411
1410.000	15.000	332.031	0.411
1420.000	15.000	332.031	0.411
1430.000	15.000	294.922	0.413
1440.000	15.000	294.922	0.413
1450.000	15.000	294.922	0.413
1460.000	15.000	390.625	0.436
1470.000	15.000	390.625	0.436
1480.000	15.000	390.625	0.436
1490.000	15.000	404.297	0.450
1500.000	15.000	404.297	0.450
1510.000	15.000	404.297	0.450
1520.000	15.000	433.594	0.434
1530.000	15.000	433.594	0.434
1540.000	15.000	433.594	0.434
1550.000	15.000	453.125	0.445
1560.000	15.000	453.125	0.445
1570.000	15.000	453.125	0.445
1580.000	15.000	517.578	0.427
1590.000	15.000	517.578	0.427
1600.000	15.000	517.578	0.427
1610.000	15.000	554.687	0.423
1620.000	15.000	554.687	0.423
1630.000	15.000	554.687	0.423
1640.000	15.000	587.891	0.460
1650.000	15.000	587.891	0.460
1660.000	15.000	587.891	0.460
1670.000	15.000	619.141	0.429
1680.000	15.000	619.141	0.429
1690.000	15.000	619.141	0.429
1700.000	15.000	654.297	0.415
1710.000	15.000	654.297	0.415
1720.000	15.000	654.297	0.415
1730.000	15.000	697.266	0.430
1740.000	15.000	697.266	0.430
1750.000	15.000	697.266	0.430
1760.000	15.000	687.500	0.416
1770.000	15.000	687.500	0.416
1780.000	15.000	687.500	0.416
1790.000	15.000	769.531	0.444
1800.000	15.000	769.531	0.444
1810.000	15.000	769.531	0.444
1820.000	15.000	750.000	0.405
1830.000	15.000	750.000	0.405
1840.000	15.000	750.000	0.405
1850.000	15.000	816.406	0.447
1860.000	15.000	816.406	0.447
1870.000	15.000	816.406	0.447
1880.000	15.000	849.609	0.409
1890.000	15.000	849.609	0.409
1900.000	15.000	849.609	0.409
1910.000	15.000	857.422	0.405
1920.000	15.000	857.422	0.405
1930.000	15.000	857.422	0.405
1940.000	15.000	892.578	0.421
1950.000	15.000	892.578	0.421
1960.000	15.000	892.578	0.421
1970.000	15.000	933.594	0.437
1980.000	15.000	933.594	0.437
1990.000	15.000	933.594	0.437
2000.000	15.000	998.047	0.444
2010.000	15.000	998.047	0.444
2020.000	15.000	998.047	0.444
2030.000	15.000	1009.766	0.417
2040.000	15.000	1009.766	0.417
2050.000	15.000	1009.766	0.417
2060.000	15.000	1025.391	0.437
2070.000	15.000	1025.391	0.437
2080.000	15.000	1025.391	0.437
2090.000	15.000	1070.312	0.432
2100.000	15.000	1070.312	0.432
2110.000	15.000	1070.312	0.432
2120.000	15.000	1109.375	0.461
2130.000	15.000	1109.375	0.461
2140.000	15.000	1109.375	0.461
2150.000	15.000	1154.297	0.436
2160.000	15.000	1154.297	0.436
2170.000	15.000	1154.297	0.436
2180.000	15.000	1164.062	0.432
2190.000	15.000	1164.062	0.432
2200.000	15.000	1164.062	0.432
2210.000	15.000	1179.687	0.410
2220.000	15.000	1179.687	0.410
2230.000	15.000	1179.687	0.410
2240.000	15.000	1191.406	0.417
2250.000	15.000	1191.406	0.417
2260.000	15.000	1191.406	0.417
2270.000	15.000	1224.609	0.444
2280.000	15.000	1224.609	0.444
2290.000	15.000	1224.609	0.444
2300.000	15.000	1291.016	0.434
2310.000	15.000	1291.016	0.434
2320.000	15.000	1291.016	0.434
2330.000	15.000	1324.219	0.439
2340.000	15.000	1324.219	0.439
2350.000	15.000	1324.219	0.439
2360.000	15.000	1339.844	0.446
2370.000	15.000	1339.844	0.446
2380.000	15.000	1339.844	0.446
2390.000	15.000	1357.422	0.442
2400.000	15.000	1357.422	0.442
2410.000	15.000	1357.422	0.442
2420.000	15.000	1406.250	0.447
2430.000	15.000	1406.250	0.447
2440.000	15.000	1406.250	0.447
2450.000	15.000	1431.641	0.425
2460.000	15.000	1431.641	0.425
2470.000	15.000	1431.641	0.425
2480.000	15.000	1466.797	0.427
2490.000	15.000	1466.797	0.427
2500.000	15.000	1466.797	0.427
2510.000	15.000	1511.719	0.426
2520.000	15.000	1511.719	0.426
2530.000	15.000	1511.719	0.426
2540.000	15.000	1509.766	0.425
2550.000	15.000	1509.766	0.425
2560.000	15.000	1509.766	0.425
2570.000	15.000	1521.484	0.449
2580.000	15.000	1521.484	0.449
2590.000	15.000	1521.484	0.449
2600.000	15.000	1570.312	0.442
2610.000	15.000	1570.312	0.442
2620.000	15.000	1570.312	0.442
2630.000	15.000	1582.031	0.437
2640.000	15.000	1582.031	0.437
2650.000	15.000	1582.031	0.437
2660.000	15.000	1628.906	0.422
2670.000	15.000	1628.906	0.422
2680.000	15.000	1628.906	0.422
2690.000	15.000	1664.062	0.427
2700.000	15.000	1664.062	0.427
2710.000	15.000	1664.062	0.427
2720.000	15.000	1673.828	0.434
2730.000	15.000	1673.828	0.434
2740.000	15.000	1673.828	0.434
2750.000	15.000	1726.562	0.437
2760.000	15.000	1726.562	0.437
2770.000	15.000	1726.562	0.437
2780.000	15.000	1734.375	0.439
2790.000	15.000	1734.375	0.439
2800.000	15.000	1734.375	0.439
2810.000	15.000	1779.297	0.450
2820.000	15.000	1779.297	0.450
2830.000	15.000	1779.297	0.450
2840.000	15.000	1775.391	0.442
2850.000	15.000	1775.391	0.442
2860.000	15.000	1775.391	0.442
2870.000	15.000	1873.047	0.446
2880.000	15.000	1873.047	0.446
2890.000	15.000	1873.047	0.446
2900.000	15.000	1863.281	0.442
2910.000	15.000	1863.281	0.442
2920.000	15.000	1863.281	0.442
2930.000	15.000	1919.922	0.435
2940.000	15.000	1919.922	0.435
2950.000	15.000	1919.922	0.435
2960.000	15.000	1890.625	0.438
2970.000	15.000	1890.625	0.438
2980.000	15.000	1890.625	0.438
2990.000	15.000	1962.891	0.431
3000.000	15.000	1962.891	0.431
3010.000	15.000	1962.891	0.431
3020.000	15.000	1994.141	0.430
3030.000	15.000	1994.141	0.430
3040.000	15.000	1994.141	0.430
3050.000	15.000	1955.078	0.418
3060.000	15.000	1955.078	0.418
3070.000	15.000	1955.078	0.418
3080.000	15.000	2048.828	0.429
3090.000	15.000	2048.828	0.429
3100.000	15.000	2048.828	0.429
3110.000	15.000	2078.125	0.441
3120.000	15.000	2078.125	0.441
3130.000	15.000	2078.125	0.441
3140.000	15.000	2089.844	0.431
3150.000	15.000	2089.844	0.431
3160.000	15.000	2089.844	0.431
3170.000	15.000	2128.906	0.423
3180.000	15.000	2128.906	0.423
3190.000	15.000	2128.906	0.423
3200.000	15.000	2140.625	0.431
3210.000	15.000	2140.625	0.431
3220.000	15.000	2140.625	0.431
3230.000	15.000	2197.266	0.437
3240.000	15.000	2197.266	0.437
3250.000	15.000	2197.266	0.437
3260.000	15.000	2205.078	0.462
3270.000	15.000	2205.078	0.462
3280.000	15.000	2205.078	0.462
3290.000	15.000	2208.984	0.438
3300.000	15.000	2208.984	0.438
3310.000	15.000	2208.984	0.438
3320.000	15.000	2257.812	0.438
3330.000	15.000	2257.812	0.438
3340.000	15.000	2257.812	0.438
3350.000	15.000	2273.437	0.431
3360.000	15.000	2273.437	0.431
3370.000	15.000	2273.437	0.431
3380.000	15.000	2279.297	0.445
3390.000	15.000	2279.297	0.445
3400.000	15.000	2279.297	0.445
3410.000	15.000	2343.750	0.431
3420.000	15.000	2343.750	0.431
3430.000	15.000	2343.750	0.431
3440.000	15.000	2390.625	0.417
3450.000	15.000	2390.625	0.417
3460.000	15.000	2390.625	0.417
3470.000	15.000	2414.062	0.446
3480.000	15.000	2414.062	0.446
3490.000	15.000	2414.062	0.446
3500.000	15.000	2416.016	0.437
3510.000	15.000	2416.016	0.437
3520.000	15.000	2416.016	0.437
3530.000	15.000	2470.703	0.415
3540.000	15.000	2470.703	0.415
3550.000	15.000	2470.703	0.415
3560.000	15.000	2492.187	0.435
3570.000	15.000	2492.187	0.435
3580.000	15.000	2492.187	0.435
3590.000	15.000	2503.906	0.428
3600.000	15.000	2503.906	0.428
3610.000	15.000	2503.906	0.428
3620.000	15.000	2537.109	0.443
3630.000	15.000	2537.109	0.443
3640.000	15.000	2537.109	0.443
3650.000	15.000	2556.641	0.424
3660.000	15.000	2556.641	0.424
3670.000	15.000	2556.641	0.424
3680.000	15.000	2562.500	0.439
3690.000	15.000	2562.500	0.439
3700.000	15.000	2562.500	0.439
3710.000	15.000	2638.672	0.444
3720.000	15.000	2638.672	0.444
3730.000	15.000	2638.672	0.444
3740.000	15.000	2617.187	0.446
3750.000	15.000	2617.187	0.446
3760.000	15.000	2617.187	0.446
3770.000	15.000	2654.297	0.429
3780.000	15.000	2654.297	0.429
3790.000	15.000	2654.297	0.429
3800.000	15.000	2644.531	0.413
3810.000	15.000	2644.531	0.413
3820.000	15.000	2644.531	0.413
3830.000	15.000	2695.312	0.408
3840.000	15.000	2695.312	0.408
3850.000	15.000	2695.312	0.408
3860.000	15.000	2738.281	0.438
3870.000	15.000	2738.281	0.438
3880.000	15.000	2738.281	0.438
3890.000	15.000	2783.203	0.416
3900.000	15.000	2783.203	0.416
3910.000	15.000	2783.203	0.416
3920.000	15.000	2818.359	0.431
3930.000	15.000	2818.359	0.431
3940.000	15.000	2818.359	0.431
3950.000	15.000	2843.750	0.426
3960.000	15.000	2843.750	0.426
3970.000	15.000	2843.750	0.426
3980.000	15.000	2845.703	0.435
3990.000	15.000	2845.703	0.435
4000.000	15.000	2845.703	0.435
4010.000	15.000	2888.672	0.414
4020.000	15.000	2888.672	0.414
4030.000	15.000	2888.672	0.414
4040.000	15.000	2865.234	0.423
4050.000	15.000	2865.234	0.423
4060.000	15.000	2865.234	0.423
4070.000	15.000	2939.453	0.444
4080.000	15.000	2939.453	0.444
4090.000	15.000	2939.453	0.444
4100.000	15.000	2986.328	0.444
4110.000	15.000	2986.328	0.444
4120.000	15.000	2986.328	0.444
4130.000	15.000	2962.891	0.414
4140.000	15.000	2962.891	0.414
4150.000	15.000	2962.891	0.414
4160.000	15.000	2996.094	0.444
4170.000	15.000	2996.094	0.444
4180.000	15.000	2996.094	0.444
4190.000	15.000	3025.391	0.416
4200.000	15.000	3025.391	0.416
4210.000	15.000	3025.391	0.416
4220.000	15.000	3091.797	0.434
4230.000	15.000	3091.797	0.434
4240.000	15.000	3091.797	0.434
4250.000	15.000	3115.234	0.433
4260.000	15.000	3115.234	0.433
4270.000	15.000	3115.234	0.433
4280.000	15.000	3107.422	0.436
4290.000	15.000	3107.422	0.436
4300.000	15.000	3107.422	0.436
4310.000	15.000	3150.391	0.437
4320.000	15.000	3150.391	0.437
4330.000	15.000	3150.391	0.437
4340.000	15.000	3144.531	0.415
4350.000	15.000	3144.531	0.415
4360.000	15.000	3144.531	0.415
4370.000	15.000	3181.641	0.428
4380.000	15.000	3181.641	0.428
4390.000	15.000	3181.641	0.428
4400.000	15.000	3248.047	0.434
4410.000	15.000	3248.047	0.434
4420.000	15.000	3248.047	0.434
4430.000	15.000	3261.719	0.421
4440.000	15.000	3261.719	0.421
4450.000	15.000	3261.719	0.421
4460.000	15.000	3267.578	0.437
4470.000	15.000	3267.578	0.437
4480.000	15.000	3267.578	0.437
4490.000	15.000	3289.062	0.428
4500.000	15.000	3289.062	0.428
4510.000	15.000	3289.062	0.428
4520.000	15.000	3302.734	0.439
4530.000	15.000	3302.734	0.439
4540.000	15.000	3302.734	0.439
4550.000	15.000	3353.516	0.443
4560.000	15.000	3353.516	0.443
4570.000	15.000	3353.516	0.443
4580.000	15.000	3361.328	0.434
4590.000	15.000	3361.328	0.434
4600.000	15.000	3361.328	0.434
4610.000	15.000	3378.906	0.420
4620.000	15.000	3378.906	0.420
4630.000	15.000	3378.906	0.420
4640.000	15.000	3414.062	0.450
4650.000	15.000	3414.062	0.450
4660.000	15.000	3414.062	0.450
4670.000	15.000	3429.687	0.416
4680.000	15.000	3429.687	0.416
4690.000	15.000	3429.687	0.416
4700.000	15.000	3486.328	0.430
4710.000	15.000	3486.328	0.430
4720.000	15.000	3486.328	0.430
4730.000	15.000	3501.953	0.438
4740.000	15.000	3501.953	0.438
4750.000	15.000	3501.953	0.438
4760.000	15.000	3503.906	0.413
4770.000	15.000	3503.906	0.413
4780.000	15.000	3503.906	0.413
4790.000	15.000	3542.969	0.436
4800.000	15.000	3542.969	0.436
4810.000	15.000	3542.969	0.436
4820.000	15.000	3546.875	0.411
4830.000	15.000	3546.875	0.411
4840.000	15.000	3546.875	0.411
4850.000	15.000	3601.562	0.430
4860.000	15.000	3601.562	0.430
4870.000	15.000	3601.562	0.430
4880.000	15.000	3615.234	0.431
4890.000	15.000	3615.234	0.431
4900.000	15.000	3615.234	0.431
4910.000	15.000	3621.094	0.412
4920.000	15.000	3621.094	0.412
4930.000	15.000	3621.094	0.412
4940.000	15.000	3685.547	0.442
4950.000	15.000	3685.547	0.442
4960.000	15.000	3685.547	0.442
4970.000	15.000	3693.359	0.436
4980.000	15.000	3693.359	0.436
4990.000	15.000	3693.359	0.436
5000.000	15.000	3734.375	0.442
5010.000	15.000	3734.375	0.442
5020.000	15.000	3734.375	0.442
5030.000	15.000	3664.062	0.384
5040.000	15.000	3664.062	0.384
5050.000	15.000	3664.062	0.384
5060.000	15.000	3771.484	0.445
5070.000	15.000	3771.484	0.445
5080.000	15.000	3771.484	0.445
5090.000	15.000	3789.062	0.418
5100.000	15.000	3789.062	0.418
5110.000	15.000	3789.062	0.418
5120.000	15.000	3796.875	0.441
5130.000	15.000	3796.875	0.441
5140.000	15.000	3796.875	0.441
5150.000	15.000	3847.656	0.440
5160.000	15.000	3847.656	0.440
5170.000	15.000	3847.656	0.440
5180.000	15.000	3824.219	0.423
5190.000	15.000	3824.219	0.423
5200.000	15.000	3824.219	0.423
5210.000	15.000	3882.812	0.443
5220.000	15.000	3882.812	0.443
5230.000	15.000	3882.812	0.443
5240.000	15.000	3910.156	0.430
5250.000	15.000	3910.156	0.430
5260.000	15.000	3910.156	0.430
5270.000	15.000	3951.172	0.441
5280.000	15.000	3951.172	0.441
5290.000	15.000	3951.172	0.441
5300.000	15.000	3953.125	0.424
5310.000	15.000	3953.125	0.424
5320.000	15.000	3953.125	0.424
5330.000	15.000	3947.266	0.419
5340.000	15.000	3947.266	0.419
5350.000	15.000	3947.266	0.419
5360.000	15.000	3990.234	0.433
5370.000	15.000	3990.234	0.433
5380.000	15.000	3990.234	0.433
5390.000	15.000	3998.047	0.434
5400.000	15.000	3998.047	0.434
5410.000	15.000	3998.047	0.434
5420.000	15.000	3998.047	0.407
5430.000	15.000	3998.047	0.407
5440.000	15.000	3998.047	0.407
5450.000	15.000	3998.047	0.402
5460.000	15.000	3998.047	0.402
5470.000	15.000	3998.047	0.402
5480.000	15.000	3998.047	0.423
5490.000	15.000	3998.047	0.423
5500.000	15.000	3998.047	0.423
5510.000	15.000	3998.047	0.394
5520.000	15.000	3998.047	0.394
5530.000	15.000	3998.047	0.394
5540.000	15.000	3998.047	0.357
5550.000	15.000	3998.047	0.357
5560.000	15.000	3998.047	0.357
5570.000	15.000	3998.047	0.208
5580.000	15.000	3998.047	0.208
5590.000	15.000	3998.047	0.208
5600.000	15.000	3998.047	0.049
5610.000	15.000	3998.047	0.049
5620.000	15.000	3998.047	0.049
5630.000	15.000	3998.047	-0.080
5640.000	15.000	3998.047	-0.080
5650.000	15.000	3998.047	-0.080
5660.000	15.000	3998.047	-0.140
5670.000	15.000	3998.047	-0.140
5680.000	15.000	3998.047	-0.140
5690.000	15.000	3998.047	-0.156
5700.000	15.000	3998.047	-0.156
5710.000	15.000	3998.047	-0.156
5720.000	15.000	3998.047	-0.174
5730.000	15.000	3998.047	-0.174
5740.000	15.000	3998.047	-0.174
5750.000	15.000	3998.047	-0.122
5760.000	15.000	3998.047	-0.122
5770.000	15.000	3998.047	-0.122
5780.000	15.000	3962.891	-0.064
5790.000	15.000	3962.891	-0.064
5800.000	15.000	3962.891	-0.064
5810.000	15.000	3960.937	0.018
5820.000	15.000	3960.937	0.018
5830.000	15.000	3960.937	0.018
5840.000	15.000	3988.281	0.145
5850.000	15.000	3988.281	0.145
5860.000	15.000	3988.281	0.145
5870.000	15.000	3933.594	0.238
5880.000	15.000	3933.594	0.238
5890.000	15.000	3933.594	0.238
5900.000	15.000	3949.219	0.341
5910.000	15.000	3949.219	0.341
5920.000	15.000	3949.219	0.341
5930.000	15.000	3978.516	0.383
5940.000	15.000	3978.516	0.383
5950.000	15.000	3978.516	0.383
5960.000	15.000	3998.047	0.405
5970.000	15.000	3998.047	0.405
5980.000	15.000	3998.047	0.405
5990.000	15.000	3998.047	0.417
6000.000	15.000	3998.047	0.417
6010.000	15.000	3998.047	0.417
6020.000	15.000	3998.047	0.316
6030.000	15.000	3998.047	0.316
6040.000	15.000	3998.047	0.316
6050.000	15.000	3998.047	0.235
6060.000	15.000	3998.047	0.235
6070.000	15.000	3998.047	0.235
6080.000	15.000	3998.047	0.138
6090.000	15.000	3998.047	0.138
6100.000	15.000	3998.047	0.138
6110.000	15.000	3998.047	0.065
6120.000	15.000	3998.047	0.065
6130.000	15.000	3998.047	0.065
6140.000	15.000	3998.047	-0.014
6150.000	15.000	3998.047	-0.014
6160.000	15.000	3998.047	-0.014
6170.000	15.000	3998.047	-0.011
6180.000	15.000	3998.047	-0.011
6190.000	15.000	3998.047	-0.011
6200.000	15.000	3998.047	-0.021
6210.000	15.000	3998.047	-0.021
6220.000	15.000	3998.047	-0.021
6230.000	15.000	3998.047	-0.022
6240.000	15.000	3998.047	-0.022
6250.000	15.000	3998.047	-0.022
6260.000	15.000	3998.047	-0.013
6270.000	15.000	3998.047	-0.013
6280.000	15.000	3998.047	-0.013
6290.000	15.000	3998.047	-0.011
6300.000	15.000	3998.047	-0.011
6310.000	15.000	3998.047	-0.011
6320.000	15.000	3945.312	-0.024
6330.000	15.000	3945.312	-0.024
6340.000	15.000	3945.312	-0.024
6350.000	15.000	3935.547	-0.026
6360.000	15.000	3935.547	-0.026
6370.000	15.000	3935.547	-0.026
6380.000	15.000	3935.547	-0.013
6390.000	15.000	3935.547	-0.013
6400.000	15.000	3935.547	-0.013
6410.000	15.000	3892.578	-0.033
6420.000	15.000	3892.578	-0.033
6430.000	15.000	3892.578	-0.033
6440.000	15.000	3892.578	-0.023
6450.000	15.000	3892.578	-0.023
6460.000	15.000	3892.578	-0.023
6470.000	15.000	3871.094	-0.028
6480.000	15.000	3871.094	-0.028
6490.000	15.000	3871.094	-0.028
6500.000	15.000	3847.656	-0.034
6510.000	15.000	3847.656	-0.034
6520.000	15.000	3847.656	-0.034
6530.000	15.000	3833.984	-0.043
6540.000	15.000	3833.984	-0.043
6550.000	15.000	3833.984	-0.043
6560.000	15.000	3826.172	-0.016
6570.000	15.000	3826.172	-0.016
6580.000	15.000	3826.172	-0.016
6590.000	15.000	3830.078	-0.007
6600.000	15.000	3830.078	-0.007
6610.000	15.000	3830.078	-0.007
6620.000	15.000	3814.453	-0.018
6630.000	15.000	3814.453	-0.018
6640.000	15.000	3814.453	-0.018
6650.000	15.000	3781.250	-0.025
6660.000	15.000	3781.250	-0.025
6670.000	15.000	3781.250	-0.025
6680.000	15.000	3761.719	-0.020
6690.000	15.000	3761.719	-0.020
6700.000	15.000	3761.719	-0.020
6710.000	15.000	3777.344	-0.008
6720.000	15.000	3777.344	-0.008
6730.000	15.000	3777.344	-0.008
6740.000	15.000	3732.422	-0.018
6750.000	15.000	3732.422	-0.018
6760.000	15.000	3732.422	-0.018
6770.000	15.000	3697.266	-0.025
6780.000	15.000	3697.266	-0.025
6790.000	15.000	3697.266	-0.025
6800.000	15.000	3707.031	-0.026
6810.000	15.000	3707.031	-0.026
6820.000	15.000	3707.031	-0.026
6830.000	15.000	3683.594	-0.036
6840.000	15.000	3683.594	-0.036
6850.000	15.000	3683.594	-0.036
6860.000	15.000	3693.359	-0.031
6870.000	15.000	3693.359	-0.031
6880.000	15.000	3693.359	-0.031
6890.000	15.000	3677.734	-0.036
6900.000	15.000	3677.734	-0.036
6910.000	15.000	3677.734	-0.036
6920.000	15.000	3652.344	-0.009
6930.000	15.000	3652.344	-0.009
6940.000	15.000	3652.344	-0.009
6950.000	15.000	3609.375	-0.029
6960.000	15.000	3609.375	-0.029
6970.000	15.000	3609.375	-0.029
6980.000	15.000	3589.844	-0.021
6990.000	15.000	3589.844	-0.021
7000.000	15.000	3589.844	-0.021
7010.000	15.000	3582.031	-0.006
7020.000	15.000	3582.031	-0.006
