%Time [ms]	Commanded Torque [mNm]	Angular Velocity [RPM]	Actual Current [Amp]	%8/25/20221:27 PM
0.000	0.000	0.000	0.000
20.000	4.000	-33.203	-0.038
30.000	4.000	-33.203	-0.038
40.000	4.000	-33.203	-0.038
50.000	4.000	15.625	-0.004
60.000	4.000	15.625	-0.004
70.000	4.000	15.625	-0.004
80.000	4.000	-44.922	-0.033
90.000	4.000	-44.922	-0.033
100.000	4.000	-44.922	-0.033
110.000	4.000	-25.391	-0.034
120.000	4.000	-25.391	-0.034
130.000	4.000	-25.391	-0.034
140.000	4.000	-13.672	-0.033
150.000	4.000	-13.672	-0.033
160.000	4.000	-13.672	-0.033
170.000	4.000	-29.297	-0.021
180.000	4.000	-29.297	-0.021
190.000	4.000	-29.297	-0.021
200.000	4.000	5.859	-0.012
210.000	4.000	5.859	-0.012
220.000	4.000	5.859	-0.012
230.000	4.000	-19.531	-0.030
240.000	4.000	-19.531	-0.030
250.000	4.000	-19.531	-0.030
260.000	4.000	-17.578	-0.016
270.000	4.000	-17.578	-0.016
280.000	4.000	-17.578	-0.016
290.000	4.000	-29.297	-0.026
300.000	4.000	-29.297	-0.026
310.000	4.000	-29.297	-0.026
320.000	4.000	-21.484	-0.013
330.000	4.000	-21.484	-0.013
340.000	4.000	-21.484	-0.013
350.000	4.000	-39.062	-0.034
360.000	4.000	-39.062	-0.034
370.000	4.000	-39.062	-0.034
380.000	4.000	-9.766	-0.027
390.000	4.000	-9.766	-0.027
400.000	4.000	-9.766	-0.027
410.000	4.000	-25.391	-0.025
420.000	4.000	-25.391	-0.025
430.000	4.000	-25.391	-0.025
440.000	4.000	-11.719	-0.027
450.000	4.000	-11.719	-0.027
460.000	4.000	-11.719	-0.027
470.000	4.000	1.953	-0.011
480.000	4.000	1.953	-0.011
490.000	4.000	1.953	-0.011
500.000	4.000	-27.344	-0.022
510.000	4.000	-27.344	-0.022
520.000	4.000	-27.344	-0.022
530.000	4.000	11.719	-0.002
540.000	4.000	11.719	-0.002
550.000	4.000	11.719	-0.002
560.000	4.000	-41.016	-0.035
570.000	4.000	-41.016	-0.035
580.000	4.000	-41.016	-0.035
590.000	4.000	9.766	-0.008
600.000	4.000	9.766	-0.008
610.000	4.000	9.766	-0.008
620.000	4.000	-27.344	-0.008
630.000	4.000	-27.344	-0.008
640.000	4.000	-27.344	-0.008
650.000	4.000	9.766	-0.031
660.000	4.000	9.766	-0.031
670.000	4.000	9.766	-0.031
680.000	4.000	3.906	-0.029
690.000	4.000	3.906	-0.029
700.000	4.000	3.906	-0.029
710.000	4.000	-17.578	-0.021
720.000	4.000	-17.578	-0.021
730.000	4.000	-17.578	-0.021
740.000	4.000	-17.578	-0.015
750.000	4.000	-17.578	-0.015
760.000	4.000	-17.578	-0.015
770.000	4.000	-41.016	-0.019
780.000	4.000	-41.016	-0.019
790.000	4.000	-41.016	-0.019
800.000	4.000	-48.828	-0.008
810.000	4.000	-48.828	-0.008
820.000	4.000	-48.828	-0.008
830.000	4.000	-5.859	-0.026
840.000	4.000	-5.859	-0.026
850.000	4.000	-5.859	-0.026
860.000	4.000	-21.484	-0.029
870.000	4.000	-21.484	-0.029
880.000	4.000	-21.484	-0.029
890.000	4.000	-41.016	-0.036
900.000	4.000	-41.016	-0.036
910.000	4.000	-41.016	-0.036
920.000	4.000	-5.859	-0.023
930.000	4.000	-5.859	-0.023
940.000	4.000	-5.859	-0.023
950.000	4.000	-19.531	-0.017
960.000	4.000	-19.531	-0.017
970.000	4.000	-19.531	-0.017
980.000	4.000	-27.344	-0.009
990.000	4.000	-27.344	-0.009
1000.000	4.000	-27.344	-0.009
1010.000	4.000	7.812	-0.037
1020.000	4.000	7.812	-0.037
1030.000	4.000	7.812	-0.037
1040.000	4.000	7.812	0.000
1050.000	4.000	7.812	0.000
1060.000	4.000	7.812	0.000
1070.000	4.000	-3.906	-0.035
1080.000	4.000	-3.906	-0.035
1090.000	4.000	-3.906	-0.035
1100.000	4.000	-23.437	0.028
1110.000	4.000	-23.437	0.028
1120.000	4.000	-23.437	0.028
1130.000	4.000	-9.766	0.069
1140.000	4.000	-9.766	0.069
1150.000	4.000	-9.766	0.069
1160.000	4.000	-29.297	0.084
1170.000	4.000	-29.297	0.084
1180.000	4.000	-29.297	0.084
1190.000	4.000	-9.766	0.112
1200.000	4.000	-9.766	0.112
1210.000	4.000	-9.766	0.112
1220.000	4.000	-33.203	0.091
1230.000	4.000	-33.203	0.091
1240.000	4.000	-33.203	0.091
1250.000	4.000	-7.812	0.087
1260.000	4.000	-7.812	0.087
1270.000	4.000	-7.812	0.087
1280.000	4.000	-17.578	0.112
1290.000	4.000	-17.578	0.112
1300.000	4.000	-17.578	0.112
1310.000	4.000	-9.766	0.109
1320.000	4.000	-9.766	0.109
1330.000	4.000	-9.766	0.109
1340.000	4.000	-15.625	0.075
1350.000	4.000	-15.625	0.075
1360.000	4.000	-15.625	0.075
1370.000	4.000	5.859	0.115
1380.000	4.000	5.859	0.115
1390.000	4.000	5.859	0.115
1400.000	4.000	27.344	0.109
1410.000	4.000	27.344	0.109
1420.000	4.000	27.344	0.109
1430.000	4.000	42.969	0.099
1440.000	4.000	42.969	0.099
1450.000	4.000	42.969	0.099
1460.000	4.000	54.687	0.119
1470.000	4.000	54.687	0.119
1480.000	4.000	54.687	0.119
1490.000	4.000	50.781	0.114
1500.000	4.000	50.781	0.114
1510.000	4.000	50.781	0.114
1520.000	4.000	23.437	0.113
1530.000	4.000	23.437	0.113
1540.000	4.000	23.437	0.113
1550.000	4.000	44.922	0.093
1560.000	4.000	44.922	0.093
1570.000	4.000	44.922	0.093
1580.000	4.000	37.109	0.103
1590.000	4.000	37.109	0.103
1600.000	4.000	37.109	0.103
1610.000	4.000	35.156	0.091
1620.000	4.000	35.156	0.091
1630.000	4.000	35.156	0.091
1640.000	4.000	87.891	0.075
1650.000	4.000	87.891	0.075
1660.000	4.000	87.891	0.075
1670.000	4.000	42.969	0.100
1680.000	4.000	42.969	0.100
1690.000	4.000	42.969	0.100
1700.000	4.000	54.687	0.111
1710.000	4.000	54.687	0.111
1720.000	4.000	54.687	0.111
1730.000	4.000	33.203	0.093
1740.000	4.000	33.203	0.093
1750.000	4.000	33.203	0.093
1760.000	4.000	93.750	0.104
1770.000	4.000	93.750	0.104
1780.000	4.000	93.750	0.104
1790.000	4.000	41.016	0.110
1800.000	4.000	41.016	0.110
1810.000	4.000	41.016	0.110
1820.000	4.000	85.937	0.105
1830.000	4.000	85.937	0.105
1840.000	4.000	85.937	0.105
1850.000	4.000	111.328	0.097
1860.000	4.000	111.328	0.097
1870.000	4.000	111.328	0.097
1880.000	4.000	87.891	0.098
1890.000	4.000	87.891	0.098
1900.000	4.000	87.891	0.098
1910.000	4.000	121.094	0.079
1920.000	4.000	121.094	0.079
1930.000	4.000	121.094	0.079
1940.000	4.000	119.141	0.118
1950.000	4.000	119.141	0.118
1960.000	4.000	119.141	0.118
1970.000	4.000	97.656	0.094
1980.000	4.000	97.656	0.094
1990.000	4.000	97.656	0.094
2000.000	4.000	115.234	0.091
2010.000	4.000	115.234	0.091
2020.000	4.000	115.234	0.091
2030.000	4.000	111.328	0.117
2040.000	4.000	111.328	0.117
2050.000	4.000	111.328	0.117
2060.000	4.000	119.141	0.110
2070.000	4.000	119.141	0.110
2080.000	4.000	119.141	0.110
2090.000	4.000	109.375	0.107
2100.000	4.000	109.375	0.107
2110.000	4.000	109.375	0.107
2120.000	4.000	130.859	0.093
2130.000	4.000	130.859	0.093
2140.000	4.000	130.859	0.093
2150.000	4.000	125.000	0.104
2160.000	4.000	125.000	0.104
2170.000	4.000	125.000	0.104
2180.000	4.000	113.281	0.094
2190.000	4.000	113.281	0.094
2200.000	4.000	113.281	0.094
2210.000	4.000	130.859	0.093
2220.000	4.000	130.859	0.093
2230.000	4.000	130.859	0.093
2240.000	4.000	146.484	0.110
2250.000	4.000	146.484	0.110
2260.000	4.000	146.484	0.110
2270.000	4.000	138.672	0.097
2280.000	4.000	138.672	0.097
2290.000	4.000	138.672	0.097
2300.000	4.000	138.672	0.099
2310.000	4.000	138.672	0.099
2320.000	4.000	138.672	0.099
2330.000	4.000	115.234	0.119
2340.000	4.000	115.234	0.119
2350.000	4.000	115.234	0.119
2360.000	4.000	140.625	0.107
2370.000	4.000	140.625	0.107
2380.000	4.000	140.625	0.107
2390.000	4.000	175.781	0.111
2400.000	4.000	175.781	0.111
2410.000	4.000	175.781	0.111
2420.000	4.000	148.437	0.097
2430.000	4.000	148.437	0.097
2440.000	4.000	148.437	0.097
2450.000	4.000	148.437	0.099
2460.000	4.000	148.437	0.099
2470.000	4.000	148.437	0.099
2480.000	4.000	183.594	0.101
2490.000	4.000	183.594	0.101
2500.000	4.000	183.594	0.101
2510.000	4.000	177.734	0.109
2520.000	4.000	177.734	0.109
2530.000	4.000	177.734	0.109
2540.000	4.000	169.922	0.090
2550.000	4.000	169.922	0.090
2560.000	4.000	169.922	0.090
2570.000	4.000	189.453	0.090
2580.000	4.000	189.453	0.090
2590.000	4.000	189.453	0.090
2600.000	4.000	216.797	0.075
2610.000	4.000	216.797	0.075
2620.000	4.000	216.797	0.075
2630.000	4.000	193.359	0.094
2640.000	4.000	193.359	0.094
2650.000	4.000	193.359	0.094
2660.000	4.000	169.922	0.102
2670.000	4.000	169.922	0.102
2680.000	4.000	169.922	0.102
2690.000	4.000	207.031	0.113
2700.000	4.000	207.031	0.113
2710.000	4.000	207.031	0.113
2720.000	4.000	212.891	0.094
2730.000	4.000	212.891	0.094
2740.000	4.000	212.891	0.094
2750.000	4.000	203.125	0.108
2760.000	4.000	203.125	0.108
2770.000	4.000	203.125	0.108
2780.000	4.000	195.312	0.115
2790.000	4.000	195.312	0.115
2800.000	4.000	195.312	0.115
2810.000	4.000	220.703	0.104
2820.000	4.000	220.703	0.104
2830.000	4.000	220.703	0.104
2840.000	4.000	167.969	0.084
2850.000	4.000	167.969	0.084
2860.000	4.000	167.969	0.084
2870.000	4.000	197.266	0.099
2880.000	4.000	197.266	0.099
2890.000	4.000	197.266	0.099
2900.000	4.000	224.609	0.104
2910.000	4.000	224.609	0.104
2920.000	4.000	224.609	0.104
2930.000	4.000	244.141	0.118
2940.000	4.000	244.141	0.118
2950.000	4.000	244.141	0.118
2960.000	4.000	224.609	0.111
2970.000	4.000	224.609	0.111
2980.000	4.000	224.609	0.111
2990.000	4.000	236.328	0.114
3000.000	4.000	236.328	0.114
3010.000	4.000	236.328	0.114
3020.000	4.000	226.562	0.106
3030.000	4.000	226.562	0.106
3040.000	4.000	226.562	0.106
3050.000	4.000	246.094	0.099
3060.000	4.000	246.094	0.099
3070.000	4.000	246.094	0.099
3080.000	4.000	199.219	0.114
3090.000	4.000	199.219	0.114
3100.000	4.000	199.219	0.114
3110.000	4.000	236.328	0.109
3120.000	4.000	236.328	0.109
3130.000	4.000	236.328	0.109
3140.000	4.000	230.469	0.103
3150.000	4.000	230.469	0.103
3160.000	4.000	230.469	0.103
3170.000	4.000	257.812	0.109
3180.000	4.000	257.812	0.109
3190.000	4.000	257.812	0.109
3200.000	4.000	220.703	0.079
3210.000	4.000	220.703	0.079
3220.000	4.000	220.703	0.079
3230.000	4.000	246.094	0.113
3240.000	4.000	246.094	0.113
3250.000	4.000	246.094	0.113
3260.000	4.000	242.187	0.098
3270.000	4.000	242.187	0.098
3280.000	4.000	242.187	0.098
3290.000	4.000	250.000	0.090
3300.000	4.000	250.000	0.090
3310.000	4.000	250.000	0.090
3320.000	4.000	269.531	0.102
3330.000	4.000	269.531	0.102
3340.000	4.000	269.531	0.102
3350.000	4.000	257.812	0.100
3360.000	4.000	257.812	0.100
3370.000	4.000	257.812	0.100
3380.000	4.000	277.344	0.110
3390.000	4.000	277.344	0.110
3400.000	4.000	277.344	0.110
3410.000	4.000	279.297	0.090
3420.000	4.000	279.297	0.090
3430.000	4.000	279.297	0.090
3440.000	4.000	259.766	0.107
3450.000	4.000	259.766	0.107
3460.000	4.000	259.766	0.107
3470.000	4.000	267.578	0.082
3480.000	4.000	267.578	0.082
3490.000	4.000	267.578	0.082
3500.000	4.000	291.016	0.093
3510.000	4.000	291.016	0.093
3520.000	4.000	291.016	0.093
3530.000	4.000	273.437	0.104
3540.000	4.000	273.437	0.104
3550.000	4.000	273.437	0.104
3560.000	4.000	294.922	0.111
3570.000	4.000	294.922	0.111
3580.000	4.000	294.922	0.111
3590.000	4.000	273.437	0.086
3600.000	4.000	273.437	0.086
3610.000	4.000	273.437	0.086
3620.000	4.000	283.203	0.107
3630.000	4.000	283.203	0.107
3640.000	4.000	283.203	0.107
3650.000	4.000	291.016	0.100
3660.000	4.000	291.016	0.100
3670.000	4.000	291.016	0.100
3680.000	4.000	300.781	0.108
3690.000	4.000	300.781	0.108
3700.000	4.000	300.781	0.108
3710.000	4.000	322.266	0.117
3720.000	4.000	322.266	0.117
3730.000	4.000	322.266	0.117
3740.000	4.000	302.734	0.089
3750.000	4.000	302.734	0.089
3760.000	4.000	302.734	0.089
3770.000	4.000	316.406	0.119
3780.000	4.000	316.406	0.119
3790.000	4.000	316.406	0.119
3800.000	4.000	277.344	0.077
3810.000	4.000	277.344	0.077
3820.000	4.000	277.344	0.077
3830.000	4.000	318.359	0.102
3840.000	4.000	318.359	0.102
3850.000	4.000	318.359	0.102
3860.000	4.000	308.594	0.121
3870.000	4.000	308.594	0.121
3880.000	4.000	308.594	0.121
3890.000	4.000	341.797	0.104
3900.000	4.000	341.797	0.104
3910.000	4.000	341.797	0.104
3920.000	4.000	306.641	0.095
3930.000	4.000	306.641	0.095
3940.000	4.000	306.641	0.095
3950.000	4.000	347.656	0.093
3960.000	4.000	347.656	0.093
3970.000	4.000	347.656	0.093
3980.000	4.000	343.750	0.108
3990.000	4.000	343.750	0.108
4000.000	4.000	343.750	0.108
4010.000	4.000	328.125	0.099
4020.000	4.000	328.125	0.099
4030.000	4.000	328.125	0.099
4040.000	4.000	349.609	0.104
4050.000	4.000	349.609	0.104
4060.000	4.000	349.609	0.104
4070.000	4.000	355.469	0.105
4080.000	4.000	355.469	0.105
4090.000	4.000	355.469	0.105
4100.000	4.000	339.844	0.099
4110.000	4.000	339.844	0.099
4120.000	4.000	339.844	0.099
4130.000	4.000	349.609	0.090
4140.000	4.000	349.609	0.090
4150.000	4.000	349.609	0.090
4160.000	4.000	320.312	0.094
4170.000	4.000	320.312	0.094
4180.000	4.000	320.312	0.094
4190.000	4.000	347.656	0.103
4200.000	4.000	347.656	0.103
4210.000	4.000	347.656	0.103
4220.000	4.000	363.281	0.110
4230.000	4.000	363.281	0.110
4240.000	4.000	363.281	0.110
4250.000	4.000	369.141	0.094
4260.000	4.000	369.141	0.094
4270.000	4.000	369.141	0.094
4280.000	4.000	359.375	0.107
4290.000	4.000	359.375	0.107
4300.000	4.000	359.375	0.107
4310.000	4.000	332.031	0.086
4320.000	4.000	332.031	0.086
4330.000	4.000	332.031	0.086
4340.000	4.000	345.703	0.101
4350.000	4.000	345.703	0.101
4360.000	4.000	345.703	0.101
4370.000	4.000	337.891	0.118
4380.000	4.000	337.891	0.118
4390.000	4.000	337.891	0.118
4400.000	4.000	341.797	0.085
4410.000	4.000	341.797	0.085
4420.000	4.000	341.797	0.085
4430.000	4.000	351.562	0.097
4440.000	4.000	351.562	0.097
4450.000	4.000	351.562	0.097
4460.000	4.000	380.859	0.097
4470.000	4.000	380.859	0.097
4480.000	4.000	380.859	0.097
4490.000	4.000	375.000	0.106
4500.000	4.000	375.000	0.106
4510.000	4.000	375.000	0.106
4520.000	4.000	390.625	0.106
4530.000	4.000	390.625	0.106
4540.000	4.000	390.625	0.106
4550.000	4.000	396.484	0.115
4560.000	4.000	396.484	0.115
4570.000	4.000	396.484	0.115
4580.000	4.000	382.812	0.102
4590.000	4.000	382.812	0.102
4600.000	4.000	382.812	0.102
4610.000	4.000	402.344	0.087
4620.000	4.000	402.344	0.087
4630.000	4.000	402.344	0.087
4640.000	4.000	400.391	0.115
4650.000	4.000	400.391	0.115
4660.000	4.000	400.391	0.115
4670.000	4.000	375.000	0.104
4680.000	4.000	375.000	0.104
4690.000	4.000	375.000	0.104
4700.000	4.000	371.094	0.113
4710.000	4.000	371.094	0.113
4720.000	4.000	371.094	0.113
4730.000	4.000	380.859	0.107
4740.000	4.000	380.859	0.107
4750.000	4.000	380.859	0.107
4760.000	4.000	394.531	0.108
4770.000	4.000	394.531	0.108
4780.000	4.000	394.531	0.108
4790.000	4.000	388.672	0.094
4800.000	4.000	388.672	0.094
4810.000	4.000	388.672	0.094
4820.000	4.000	408.203	0.098
4830.000	4.000	408.203	0.098
4840.000	4.000	408.203	0.098
4850.000	4.000	423.828	0.093
4860.000	4.000	423.828	0.093
4870.000	4.000	423.828	0.093
4880.000	4.000	382.812	0.094
4890.000	4.000	382.812	0.094
4900.000	4.000	382.812	0.094
4910.000	4.000	433.594	0.075
4920.000	4.000	433.594	0.075
4930.000	4.000	433.594	0.075
4940.000	4.000	408.203	0.091
4950.000	4.000	408.203	0.091
4960.000	4.000	408.203	0.091
4970.000	4.000	419.922	0.092
4980.000	4.000	419.922	0.092
4990.000	4.000	419.922	0.092
5000.000	4.000	419.922	0.091
5010.000	4.000	419.922	0.091
5020.000	4.000	419.922	0.091
5030.000	4.000	423.828	0.113
5040.000	4.000	423.828	0.113
5050.000	4.000	423.828	0.113
5060.000	4.000	414.062	0.100
5070.000	4.000	414.062	0.100
5080.000	4.000	414.062	0.100
5090.000	4.000	421.875	0.095
5100.000	4.000	421.875	0.095
5110.000	4.000	421.875	0.095
5120.000	4.000	441.406	0.096
5130.000	4.000	441.406	0.096
5140.000	4.000	441.406	0.096
5150.000	4.000	433.594	0.104
5160.000	4.000	433.594	0.104
5170.000	4.000	433.594	0.104
5180.000	4.000	419.922	0.086
5190.000	4.000	419.922	0.086
5200.000	4.000	419.922	0.086
5210.000	4.000	410.156	0.077
5220.000	4.000	410.156	0.077
5230.000	4.000	410.156	0.077
5240.000	4.000	441.406	0.099
5250.000	4.000	441.406	0.099
5260.000	4.000	441.406	0.099
5270.000	4.000	453.125	0.098
5280.000	4.000	453.125	0.098
5290.000	4.000	453.125	0.098
5300.000	4.000	419.922	0.111
5310.000	4.000	419.922	0.111
5320.000	4.000	419.922	0.111
5330.000	4.000	439.453	0.098
5340.000	4.000	439.453	0.098
5350.000	4.000	439.453	0.098
5360.000	4.000	445.312	0.113
5370.000	4.000	445.312	0.113
5380.000	4.000	445.312	0.113
5390.000	4.000	462.891	0.103
5400.000	4.000	462.891	0.103
5410.000	4.000	462.891	0.103
5420.000	4.000	466.797	0.097
5430.000	4.000	466.797	0.097
5440.000	4.000	466.797	0.097
5450.000	4.000	455.078	0.090
5460.000	4.000	455.078	0.090
5470.000	4.000	455.078	0.090
5480.000	4.000	490.234	0.086
5490.000	4.000	490.234	0.086
5500.000	4.000	490.234	0.086
5510.000	4.000	470.703	0.101
5520.000	4.000	470.703	0.101
5530.000	4.000	470.703	0.101
5540.000	4.000	482.422	0.118
5550.000	4.000	482.422	0.118
5560.000	4.000	482.422	0.118
5570.000	4.000	457.031	0.092
5580.000	4.000	457.031	0.092
5590.000	4.000	457.031	0.092
5600.000	4.000	474.609	0.084
5610.000	4.000	474.609	0.084
5620.000	4.000	474.609	0.084
5630.000	4.000	464.844	0.101
5640.000	4.000	464.844	0.101
5650.000	4.000	464.844	0.101
5660.000	4.000	449.219	0.114
5670.000	4.000	449.219	0.114
5680.000	4.000	449.219	0.114
5690.000	4.000	496.094	0.106
5700.000	4.000	496.094	0.106
5710.000	4.000	496.094	0.106
5720.000	4.000	468.750	0.090
5730.000	4.000	468.750	0.090
5740.000	4.000	468.750	0.090
5750.000	4.000	501.953	0.098
5760.000	4.000	501.953	0.098
5770.000	4.000	501.953	0.098
5780.000	4.000	488.281	0.102
5790.000	4.000	488.281	0.102
5800.000	4.000	488.281	0.102
5810.000	4.000	478.516	0.107
5820.000	4.000	478.516	0.107
5830.000	4.000	478.516	0.107
5840.000	4.000	484.375	0.105
5850.000	4.000	484.375	0.105
5860.000	4.000	484.375	0.105
5870.000	4.000	455.078	0.082
5880.000	4.000	455.078	0.082
5890.000	4.000	455.078	0.082
5900.000	4.000	482.422	0.116
5910.000	4.000	482.422	0.116
5920.000	4.000	482.422	0.116
5930.000	4.000	503.906	0.092
5940.000	4.000	503.906	0.092
5950.000	4.000	503.906	0.092
5960.000	4.000	511.719	0.117
5970.000	4.000	511.719	0.117
5980.000	4.000	511.719	0.117
5990.000	4.000	511.719	0.090
6000.000	4.000	511.719	0.090
6010.000	4.000	511.719	0.090
6020.000	4.000	519.531	0.104
6030.000	4.000	519.531	0.104
6040.000	4.000	519.531	0.104
6050.000	4.000	511.719	0.090
6060.000	4.000	511.719	0.090
6070.000	4.000	511.719	0.090
6080.000	4.000	501.953	0.112
6090.000	4.000	501.953	0.112
6100.000	4.000	501.953	0.112
6110.000	4.000	492.187	0.033
6120.000	4.000	492.187	0.033
6130.000	4.000	492.187	0.033
6140.000	4.000	476.562	0.017
6150.000	4.000	476.562	0.017
6160.000	4.000	476.562	0.017
6170.000	4.000	501.953	-0.010
6180.000	4.000	501.953	-0.010
6190.000	4.000	501.953	-0.010
6200.000	4.000	501.953	-0.021
6210.000	4.000	501.953	-0.021
6220.000	4.000	501.953	-0.021
6230.000	4.000	501.953	-0.008
6240.000	4.000	501.953	-0.008
6250.000	4.000	501.953	-0.008
6260.000	4.000	447.266	-0.035
6270.000	4.000	447.266	-0.035
6280.000	4.000	447.266	-0.035
6290.000	4.000	460.937	-0.023
6300.000	4.000	460.937	-0.023
6310.000	4.000	460.937	-0.023
6320.000	4.000	453.125	-0.024
6330.000	4.000	453.125	-0.024
6340.000	4.000	453.125	-0.024
6350.000	4.000	474.609	-0.009
6360.000	4.000	474.609	-0.009
6370.000	4.000	474.609	-0.009
6380.000	4.000	460.937	-0.032
6390.000	4.000	460.937	-0.032
6400.000	4.000	460.937	-0.032
6410.000	4.000	449.219	-0.022
6420.000	4.000	449.219	-0.022
6430.000	4.000	449.219	-0.022
6440.000	4.000	417.969	-0.012
6450.000	4.000	417.969	-0.012
6460.000	4.000	417.969	-0.012
6470.000	4.000	425.781	-0.006
6480.000	4.000	425.781	-0.006
6490.000	4.000	425.781	-0.006
6500.000	4.000	386.719	-0.016
6510.000	4.000	386.719	-0.016
6520.000	4.000	386.719	-0.016
6530.000	4.000	419.922	-0.038
6540.000	4.000	419.922	-0.038
6550.000	4.000	419.922	-0.038
6560.000	4.000	373.047	-0.027
6570.000	4.000	373.047	-0.027
6580.000	4.000	373.047	-0.027
6590.000	4.000	373.047	-0.023
6600.000	4.000	373.047	-0.023
6610.000	4.000	373.047	-0.023
6620.000	4.000	402.344	-0.010
6630.000	4.000	402.344	-0.010
6640.000	4.000	402.344	-0.010
6650.000	4.000	351.562	-0.004
6660.000	4.000	351.562	-0.004
6670.000	4.000	351.562	-0.004
6680.000	4.000	357.422	-0.025
6690.000	4.000	357.422	-0.025
6700.000	4.000	357.422	-0.025
6710.000	4.000	363.281	-0.024
6720.000	4.000	363.281	-0.024
6730.000	4.000	363.281	-0.024
6740.000	4.000	339.844	-0.015
6750.000	4.000	339.844	-0.015
6760.000	4.000	339.844	-0.015
6770.000	4.000	330.078	-0.023
6780.000	4.000	330.078	-0.023
6790.000	4.000	330.078	-0.023
6800.000	4.000	337.891	-0.021
6810.000	4.000	337.891	-0.021
6820.000	4.000	337.891	-0.021
6830.000	4.000	324.219	-0.023
6840.000	4.000	324.219	-0.023
6850.000	4.000	324.219	-0.023
6860.000	4.000	300.781	-0.002
6870.000	4.000	300.781	-0.002
6880.000	4.000	300.781	-0.002
6890.000	4.000	289.062	-0.020
6900.000	4.000	289.062	-0.020
6910.000	4.000	289.062	-0.020
6920.000	4.000	285.156	-0.019
6930.000	4.000	285.156	-0.019
6940.000	4.000	285.156	-0.019
6950.000	4.000	267.578	-0.022
6960.000	4.000	267.578	-0.022
6970.000	4.000	267.578	-0.022
6980.000	4.000	271.484	-0.032
6990.000	4.000	271.484	-0.032
7000.000	4.000	271.484	-0.032
7010.000	4.000	263.672	-0.024
7020.000	4.000	263.672	-0.024
