% Time (s)	Gyro Output (rads/s)	Input Rate (RPM)	%8/25/20221:31 PM
0.000	0.000	0.000
4004.940	0.010	0.000
4004.950	0.010	0.000
4004.960	0.010	0.000
4004.970	0.010	0.000
4004.980	0.010	0.000
4004.990	0.010	0.000
4005.000	0.010	0.000
4005.010	0.010	0.000
4005.020	0.010	0.000
4005.030	0.010	0.000
4005.040	0.010	0.000
4005.050	0.010	0.000
4005.060	0.010	0.000
4005.070	0.010	0.000
4005.080	0.010	0.000
4005.090	0.010	0.000
4005.100	0.010	0.000
4005.110	0.010	0.000
4005.120	0.010	0.000
4005.130	0.010	0.000
4005.140	0.010	0.000
4005.150	0.010	0.000
4005.160	0.010	0.000
4005.170	0.010	0.000
4005.180	0.010	0.000
4005.190	0.010	0.000
4005.200	0.010	0.000
4005.210	0.010	0.000
4005.220	0.010	0.000
4005.230	0.010	0.000
4005.240	0.010	0.000
4005.250	0.010	0.000
4005.260	0.010	0.000
4005.270	0.010	0.000
4005.280	0.010	0.000
4005.290	0.010	0.000
4005.300	0.010	0.000
4005.310	0.010	0.000
4005.320	0.010	0.000
4005.330	0.010	0.000
4005.340	0.010	0.000
4005.350	0.010	0.000
4005.360	0.010	0.000
4005.370	0.010	0.000
4005.380	0.010	0.000
4005.390	0.010	0.000
4005.400	0.010	0.000
4005.410	0.010	0.000
4005.420	0.010	0.000
4005.430	0.010	0.000
4005.440	0.010	0.000
4005.450	0.010	0.000
4005.460	0.010	0.000
4005.470	0.010	0.000
4005.480	0.010	0.000
4005.490	0.010	0.000
4005.500	0.010	0.000
4005.510	0.010	0.000
4005.520	0.010	0.000
4005.530	0.010	0.000
4005.540	0.010	0.000
4005.550	0.010	0.000
4005.560	0.010	0.000
4005.570	0.010	0.000
4005.580	0.010	0.000
4005.590	0.010	0.000
4005.600	0.010	0.000
4005.610	0.010	0.000
4005.620	0.010	0.000
4005.630	0.010	0.000
4005.640	0.010	0.000
4005.650	0.010	0.000
4005.660	0.010	0.000
4005.670	0.010	0.000
4005.680	0.010	0.000
4005.690	0.010	0.000
4005.700	0.010	0.000
4005.710	0.010	0.000
4005.720	0.010	0.000
4005.730	0.010	0.000
4005.740	0.010	0.000
4005.750	0.010	0.000
4005.760	0.010	0.000
4005.770	0.010	0.000
4005.780	0.010	0.000
4005.790	0.010	0.000
4005.800	0.010	0.000
4005.810	0.010	0.000
4005.820	0.010	0.000
4005.830	0.010	0.000
4005.840	0.010	0.000
4005.850	0.010	0.000
4005.860	0.010	0.000
4005.870	0.010	0.000
4005.880	0.010	0.000
4005.890	0.010	0.000
4005.900	0.010	0.000
4005.910	0.010	0.000
4005.920	0.010	0.000
4005.930	0.010	0.000
4005.940	0.010	0.000
4005.950	0.010	0.000
4005.960	0.010	0.000
4005.970	0.010	0.000
4005.980	0.010	0.000
4005.990	0.010	0.000
4006.000	0.010	0.000
4006.010	0.010	0.000
4006.020	0.010	0.000
4006.030	0.010	0.000
4006.040	0.010	0.000
4006.050	0.010	0.000
4006.060	0.010	0.000
4006.070	0.010	0.000
4006.080	0.010	0.000
4006.090	0.010	0.000
4006.100	0.010	0.000
4006.110	0.010	0.000
4006.120	0.010	0.000
4006.130	0.010	0.000
4006.140	0.010	0.000
4006.150	0.010	0.000
4006.160	0.010	0.000
4006.170	0.010	0.000
4006.180	0.010	0.000
4006.190	0.010	0.000
4006.200	0.010	0.000
4006.210	0.010	0.000
4006.220	0.010	0.000
4006.230	0.010	0.000
4006.240	0.010	0.000
4006.250	0.010	0.000
4006.260	0.010	0.000
4006.270	0.010	0.000
4006.280	0.010	0.000
4006.290	0.010	0.000
4006.300	0.010	0.000
4006.310	0.010	0.000
4006.320	0.010	0.000
4006.330	0.010	0.000
4006.340	0.010	0.000
4006.350	0.010	0.000
4006.360	0.010	0.000
4006.370	0.010	0.000
4006.380	0.010	0.000
4006.390	0.010	0.000
4006.400	0.010	0.000
4006.410	0.010	0.000
4006.420	0.010	0.000
4006.430	0.010	0.000
4006.440	0.010	0.000
4006.450	0.010	0.000
4006.460	0.010	0.000
4006.470	0.010	0.000
4006.480	0.010	0.000
4006.490	0.010	0.000
4006.500	0.010	0.000
4006.510	0.010	0.000
4006.520	0.010	0.000
4006.530	0.010	0.000
4006.540	0.010	0.000
4006.550	0.010	0.000
4006.560	0.010	0.000
4006.570	0.010	0.000
4006.580	0.010	0.000
4006.590	0.010	0.000
4006.600	0.010	0.000
4006.610	0.010	0.000
4006.620	0.010	0.000
4006.630	0.010	0.000
4006.640	0.010	0.000
4006.650	0.010	0.000
4006.660	0.010	0.000
4006.670	0.010	0.000
4006.680	0.010	0.000
4006.690	0.010	0.000
4006.700	0.010	0.000
4006.710	0.010	0.000
4006.720	0.010	0.000
4006.730	0.010	0.000
4006.740	0.010	0.000
4006.750	0.010	0.000
4006.760	0.010	0.000
4006.770	0.010	0.000
4006.780	0.010	0.000
4006.790	0.010	0.000
4006.800	0.010	0.000
4006.810	0.010	0.000
4006.820	0.010	0.000
4006.830	0.010	0.000
4006.840	0.010	0.000
4006.850	0.010	0.000
4006.860	0.010	0.000
4006.870	0.010	0.000
4006.880	0.010	0.000
4006.890	0.010	0.000
4006.900	0.010	0.000
4006.910	0.010	0.000
4006.920	0.010	0.000
4006.930	0.010	0.000
4006.940	0.010	0.000
4006.950	0.010	0.000
4006.960	0.010	0.000
4006.970	0.010	0.000
4006.980	0.010	0.000
4006.990	0.010	0.000
4007.000	0.010	0.000
4007.010	0.010	0.000
4007.020	0.010	0.000
4007.030	0.010	0.000
4007.040	0.010	0.000
4007.050	0.010	0.000
4007.060	0.010	0.000
4007.070	0.010	0.000
4007.080	0.010	0.000
4007.090	0.010	0.000
4007.100	0.010	0.000
4007.110	0.010	0.000
4007.120	0.010	0.000
4007.130	0.010	0.000
4007.140	0.010	0.000
4007.150	0.010	0.000
4007.160	0.010	0.000
4007.170	0.010	0.000
4007.180	0.010	0.000
4007.190	0.010	0.000
4007.200	0.010	0.000
4007.210	0.010	0.000
4007.220	0.010	0.000
4007.230	0.010	0.000
4007.240	0.010	0.000
4007.250	0.010	0.000
4007.260	0.010	0.000
4007.270	0.010	0.000
4007.280	0.010	0.000
4007.290	0.010	0.000
4007.300	0.010	0.000
4007.310	0.010	0.000
4007.320	0.010	0.000
4007.330	0.010	0.000
4007.340	0.010	0.000
4007.350	0.010	0.000
4007.360	0.010	0.000
4007.370	0.010	0.000
4007.380	0.010	0.000
4007.390	0.010	0.000
4007.400	0.010	0.000
4007.410	0.010	0.000
4007.420	0.010	0.000
4007.430	0.010	0.000
4007.440	0.010	0.000
4007.450	0.010	0.000
4007.460	0.010	0.000
4007.470	0.010	0.000
4007.480	0.010	0.000
4007.490	0.010	0.000
4007.500	0.010	0.000
4007.510	0.010	0.000
4007.520	0.010	0.000
4007.530	0.010	0.000
4007.540	0.010	0.000
4007.550	0.010	0.000
4007.560	0.010	0.000
4007.570	0.010	0.000
4007.580	0.010	0.000
4007.590	0.010	0.000
4007.600	0.010	0.000
4007.610	0.010	0.000
4007.620	0.010	0.000
4007.630	0.010	0.000
4007.640	0.010	0.000
4007.650	0.010	0.000
4007.660	0.010	0.000
4007.670	0.010	0.000
4007.680	0.010	0.000
4007.690	0.010	0.000
4007.700	0.010	0.000
4007.710	0.010	0.000
4007.720	0.010	0.000
4007.730	0.010	0.000
4007.740	0.010	0.000
4007.750	0.010	0.000
4007.760	0.010	0.000
4007.770	0.010	0.000
4007.780	0.010	0.000
4007.790	0.010	0.000
4007.800	0.010	0.000
4007.810	0.010	0.000
4007.820	0.010	0.000
4007.830	0.010	0.000
4007.840	0.010	0.000
4007.850	0.010	0.000
4007.860	0.010	0.000
4007.870	0.010	0.000
4007.880	0.010	0.000
4007.890	0.010	0.000
4007.900	0.010	0.000
4007.910	0.010	0.000
4007.920	0.010	0.000
4007.930	0.010	0.000
4007.940	0.010	0.000
4007.950	0.010	0.000
4007.960	0.010	0.000
4007.970	0.010	0.000
4007.980	0.010	0.000
4007.990	0.010	0.000
4008.000	0.010	0.000
4008.010	0.010	0.000
4008.020	0.010	0.000
4008.030	0.010	0.000
4008.040	0.010	0.000
4008.050	0.010	0.000
4008.060	0.010	0.000
4008.070	0.010	0.000
4008.080	0.010	0.000
4008.090	0.010	0.000
4008.100	0.010	0.000
4008.110	0.010	0.000
4008.120	0.010	0.000
4008.130	0.010	0.000
4008.140	0.010	0.000
4008.150	0.010	0.000
4008.160	0.010	0.000
4008.170	0.010	0.000
4008.180	0.010	0.000
4008.190	0.010	0.000
4008.200	0.010	0.000
4008.210	0.010	0.000
4008.220	0.010	0.000
4008.230	0.010	0.000
4008.240	0.010	0.000
4008.250	0.010	0.000
4008.260	0.010	0.000
4008.270	0.010	0.000
4008.280	0.010	0.000
4008.290	0.010	0.000
4008.300	0.010	0.000
4008.310	0.010	0.000
4008.320	0.010	0.000
4008.330	0.010	0.000
4008.340	0.010	0.000
4008.350	0.010	0.000
4008.360	0.010	0.000
4008.370	0.010	0.000
4008.380	0.010	0.000
4008.390	0.010	0.000
4008.400	0.010	0.000
4008.410	0.010	0.000
4008.420	0.010	0.073
4008.430	-0.010	0.073
4008.440	-0.010	0.146
4008.450	-0.010	0.293
4008.460	-0.050	0.366
4008.470	-0.050	0.448
4008.480	-0.050	0.594
4008.490	-0.080	0.727
4008.500	-0.080	0.874
4008.510	-0.080	1.020
4008.520	-0.080	1.093
4008.530	-0.080	1.175
4008.540	-0.080	1.248
4008.550	-0.070	1.168
4008.560	-0.070	1.168
4008.570	-0.070	1.160
4008.580	-0.070	1.087
4008.590	-0.070	1.035
4008.600	-0.070	0.962
4008.610	-0.060	0.815
4008.620	-0.060	0.742
4008.630	-0.060	0.661
4008.640	-0.020	0.514
4008.650	-0.020	0.366
4008.660	-0.020	0.220
4008.670	0.070	0.013
4008.680	0.070	-0.206
4008.690	0.070	-0.434
4008.700	0.150	-0.654
4008.710	0.150	-0.898
4008.720	0.150	-1.118
4008.730	0.140	-1.251
4008.740	0.140	-1.324
4008.750	0.140	-1.316
4008.760	0.080	-1.243
4008.770	0.080	-1.183
4008.780	0.080	-1.036
4008.790	0.030	-0.890
4008.800	0.030	-0.744
4008.810	0.030	-0.499
4008.820	0.020	-0.353
4008.830	0.020	-0.220
4008.840	0.020	-0.146
4008.850	0.010	-0.073
4008.860	0.010	-0.073
4008.870	0.010	0.000
4008.880	0.000	0.000
4008.890	0.000	0.000
4008.900	0.000	0.000
4008.910	0.010	0.000
4008.920	0.010	0.000
4008.930	0.010	-0.073
4008.940	0.020	-0.073
4008.950	0.020	-0.146
4008.960	0.020	-0.146
4008.970	0.040	-0.220
4008.980	0.040	-0.301
4008.990	0.040	-0.374
4009.000	0.070	-0.456
4009.010	0.070	-0.456
4009.020	0.070	-0.602
4009.030	0.090	-0.596
4009.040	0.090	-0.669
4009.050	0.090	-0.669
4009.060	0.110	-0.815
4009.070	0.110	-0.823
4009.080	0.110	-0.809
4009.090	0.120	-0.882
4009.100	0.120	-0.955
4009.110	0.120	-1.020
4009.120	0.130	-1.020
4009.130	0.130	-1.116
4009.140	0.130	-1.336
4009.150	0.150	-1.463
4009.160	0.150	-1.536
4009.170	0.150	-1.674
4009.180	0.200	-1.827
4009.190	0.200	-1.844
4009.200	0.200	-1.990
4009.210	0.230	-2.043
4009.220	0.230	-2.190
4009.230	0.230	-2.320
4009.240	0.240	-2.467
4009.250	0.240	-2.592
4009.260	0.240	-2.592
4009.270	0.260	-2.639
4009.280	0.260	-2.639
4009.290	0.260	-2.769
4009.300	0.310	-2.916
4009.310	0.310	-3.229
4009.320	0.310	-3.448
4009.330	0.380	-3.595
4009.340	0.380	-3.522
4009.350	0.380	-3.635
4009.360	0.420	-4.148
4009.370	0.420	-4.395
4009.380	0.420	-4.541
4009.390	0.460	-4.687
4009.400	0.460	-4.891
4009.410	0.460	-5.044
4009.420	0.500	-5.117
4009.430	0.500	-5.191
4009.440	0.500	-5.557
4009.450	0.580	-5.923
4009.460	0.580	-5.703
4009.470	0.580	-5.850
4009.480	0.640	-6.362
4009.490	0.640	-6.582
4009.500	0.640	-6.818
4009.510	0.690	-7.178
4009.520	0.690	-7.324
4009.530	0.690	-7.477
4009.540	0.770	-7.770
4009.550	0.770	-7.860
4009.560	0.770	-8.446
4009.570	0.830	-8.586
4009.580	0.830	-8.521
4009.590	0.830	-8.960
4009.600	0.870	-8.960
4009.610	0.870	-9.106
4009.620	0.870	-9.393
4009.630	0.880	-9.393
4009.640	0.880	-9.466
4009.650	0.880	-9.376
4009.660	0.860	-9.376
4009.670	0.860	-9.383
4009.680	0.860	-9.302
4009.690	0.840	-9.202
4009.700	0.840	-9.202
4009.710	0.840	-8.982
4009.720	0.820	-9.055
4009.730	0.820	-9.064
4009.740	0.820	-8.917
4009.750	0.810	-8.844
4009.760	0.810	-8.551
4009.770	0.810	-8.771
4009.780	0.780	-8.697
4009.790	0.780	-8.431
4009.800	0.780	-8.577
4009.810	0.750	-8.358
4009.820	0.750	-8.211
4009.830	0.750	-8.350
4009.840	0.730	-8.057
4009.850	0.730	-8.138
4009.860	0.730	-8.285
4009.870	0.750	-7.925
4009.880	0.750	-8.145
4009.890	0.750	-8.291
4009.900	0.740	-7.925
4009.910	0.740	-7.925
4009.920	0.740	-7.918
4009.930	0.700	-7.625
4009.940	0.700	-7.780
4009.950	0.700	-7.845
4009.960	0.660	-7.492
4009.970	0.660	-7.396
4009.980	0.660	-7.396
4009.990	0.660	-7.183
4010.000	0.660	-7.183
4010.010	0.660	-7.183
4010.020	0.650	-7.190
4010.030	0.650	-7.019
4010.040	0.650	-6.644
4010.050	0.590	-6.365
4010.060	0.590	-6.351
4010.070	0.590	-6.294
4010.080	0.510	-5.782
4010.090	0.510	-5.686
4010.100	0.510	-5.612
4010.110	0.420	-5.279
4010.120	0.420	-4.840
4010.130	0.420	-4.571
4010.140	0.340	-4.352
4010.150	0.340	-3.997
4010.160	0.340	-3.557
4010.170	0.260	-3.244
4010.180	0.260	-3.024
4010.190	0.260	-2.601
4010.200	0.160	-2.162
4010.210	0.160	-1.762
4010.220	0.160	-1.396
4010.230	0.040	-1.176
4010.240	0.040	-0.883
4010.250	0.040	-0.493
4010.260	-0.050	-0.200
4010.270	-0.050	0.081
4010.280	-0.050	0.374
4010.290	-0.110	0.721
4010.300	-0.110	0.940
4010.310	-0.110	1.160
4010.320	-0.190	1.453
4010.330	-0.190	1.860
4010.340	-0.190	2.373
4010.350	-0.320	2.759
4010.360	-0.320	2.979
4010.370	-0.320	3.337
4010.380	-0.410	3.776
4010.390	-0.410	4.309
4010.400	-0.410	4.675
4010.410	-0.490	4.921
4010.420	-0.490	5.287
4010.430	-0.490	5.759
4010.440	-0.590	5.833
4010.450	-0.590	6.032
4010.460	-0.590	6.545
4010.470	-0.680	6.765
4010.480	-0.680	7.074
4010.490	-0.680	7.440
4010.500	-0.740	7.660
4010.510	-0.740	8.219
4010.520	-0.740	8.366
4010.530	-0.800	8.219
4010.540	-0.800	8.862
4010.550	-0.800	8.936
4010.560	-0.830	9.055
4010.570	-0.830	9.275
4010.580	-0.830	9.186
4010.590	-0.860	9.332
4010.600	-0.860	9.576
4010.610	-0.860	9.723
4010.620	-0.890	9.649
4010.630	-0.890	10.016
4010.640	-0.890	9.812
4010.650	-0.920	10.032
4010.660	-0.920	10.173
4010.670	-0.920	10.246
4010.680	-0.950	10.639
4010.690	-0.950	10.419
4010.700	-0.950	10.687
4010.710	-0.990	10.394
4010.720	-0.990	11.127
4010.730	-0.990	11.054
4010.740	-1.010	11.087
4010.750	-1.010	11.014
4010.760	-1.010	11.266
4010.770	-1.040	11.412
4010.780	-1.040	11.597
4010.790	-1.040	11.524
4010.800	-1.070	11.611
4010.810	-1.070	11.757
4010.820	-1.070	11.684
4010.830	-1.100	11.684
4010.840	-1.100	12.261
4010.850	-1.100	12.554
4010.860	-1.150	12.361
4010.870	-1.150	12.581
4010.880	-1.150	12.516
4010.890	-1.200	13.028
4010.900	-1.200	12.917
4010.910	-1.200	13.430
4010.920	-1.210	13.237
4010.930	-1.210	13.530
4010.940	-1.210	13.212
4010.950	-1.210	13.286
4010.960	-1.210	13.715
4010.970	-1.210	13.495
4010.980	-1.230	13.708
4010.990	-1.230	13.635
4011.000	-1.230	13.912
4011.010	-1.270	13.912
4011.020	-1.270	14.105
4011.030	-1.270	14.398
4011.040	-1.310	14.398
4011.050	-1.310	14.471
4011.060	-1.310	14.308
4011.070	-1.300	14.308
4011.080	-1.300	14.315
4011.090	-1.300	14.242
4011.100	-1.220	14.242
4011.110	-1.220	13.916
4011.120	-1.220	13.696
4011.130	-1.170	13.696
4011.140	-1.170	13.184
4011.150	-1.170	13.330
4011.160	-1.170	13.037
4011.170	-1.170	13.184
4011.180	-1.170	12.891
4011.190	-1.150	12.764
4011.200	-1.150	12.911
4011.210	-1.150	12.471
4011.220	-1.110	12.544
4011.230	-1.110	12.373
4011.240	-1.110	12.593
4011.250	-1.090	11.987
4011.260	-1.090	12.207
4011.270	-1.090	11.987
4011.280	-1.050	11.987
4011.290	-1.050	11.674
4011.300	-1.050	11.601
4011.310	-1.030	11.674
4011.320	-1.030	11.739
4011.330	-1.030	11.471
4011.340	-1.030	11.358
4011.350	-1.030	11.597
4011.360	-1.030	11.231
4011.370	-1.000	11.304
4011.380	-1.000	10.955
4011.390	-1.000	11.247
4011.400	-0.930	10.735
4011.410	-0.930	10.662
4011.420	-0.930	10.157
4011.430	-0.850	9.937
4011.440	-0.850	9.831
4011.450	-0.850	9.465
4011.460	-0.770	9.172
4011.470	-0.770	8.952
4011.480	-0.770	8.643
4011.490	-0.680	7.983
4011.500	-0.680	8.057
4011.510	-0.680	7.690
4011.520	-0.580	7.251
4011.530	-0.580	6.958
4011.540	-0.580	6.445
4011.550	-0.470	6.152
4011.560	-0.470	5.713
4011.570	-0.470	5.054
4011.580	-0.320	4.687
4011.590	-0.320	4.248
4011.600	-0.320	3.516
4011.610	-0.180	2.930
4011.620	-0.180	2.563
4011.630	-0.180	2.124
4011.640	-0.040	1.611
4011.650	-0.040	1.025
4011.660	-0.040	0.659
4011.670	0.070	0.293
4011.680	0.070	-0.073
4011.690	0.070	-0.439
4011.700	0.200	-0.806
4011.710	0.200	-1.245
4011.720	0.200	-1.758
4011.730	0.290	-2.197
4011.740	0.290	-2.490
4011.750	0.290	-2.856
4011.760	0.390	-3.223
4011.770	0.390	-3.809
4011.780	0.390	-4.232
4011.790	0.460	-4.412
4011.800	0.460	-4.558
4011.810	0.460	-4.924
4011.820	0.540	-5.144
4011.830	0.540	-5.290
4011.840	0.540	-5.730
4011.850	0.610	-6.243
4011.860	0.610	-6.316
4011.870	0.610	-6.169
4011.880	0.650	-6.479
4011.890	0.650	-6.738
4011.900	0.650	-6.958
4011.910	0.670	-7.178
4011.920	0.670	-7.251
4011.930	0.670	-7.251
4011.940	0.700	-7.397
4011.950	0.700	-7.251
4011.960	0.700	-7.397
4011.970	0.720	-7.837
4011.980	0.720	-7.690
4011.990	0.720	-7.690
4012.000	0.720	-7.910
4012.010	0.720	-7.764
4012.020	0.720	-7.690
4012.030	0.730	-8.203
4012.040	0.730	-8.057
4012.050	0.730	-7.910
4012.060	0.780	-8.276
4012.070	0.780	-8.057
4012.080	0.780	-8.203
4012.090	0.810	-8.569
4012.100	0.810	-8.423
4012.110	0.810	-8.569
4012.120	0.800	-8.716
4012.130	0.800	-8.350
4012.140	0.800	-8.643
4012.150	0.780	-8.716
4012.160	0.780	-8.423
4012.170	0.780	-8.569
4012.180	0.780	-8.569
4012.190	0.780	-8.496
4012.200	0.780	-8.789
4012.210	0.840	-8.643
4012.220	0.840	-8.936
4012.230	0.840	-9.082
4012.240	0.900	-9.375
4012.250	0.900	-9.448
4012.260	0.900	-9.595
4012.270	0.930	-9.814
4012.280	0.930	-9.888
4012.290	0.930	-10.181
4012.300	0.950	-10.034
4012.310	0.950	-10.400
4012.320	0.950	-10.327
4012.330	0.990	-10.840
4012.340	0.990	-10.400
4012.350	0.990	-10.767
4012.360	1.040	-10.986
4012.370	1.040	-11.060
4012.380	1.040	-11.133
4012.390	1.020	-10.913
4012.400	1.020	-11.206
4012.410	1.020	-11.133
4012.420	1.010	-11.353
4012.430	1.010	-10.913
4012.440	1.010	-11.353
4012.450	1.070	-11.572
4012.460	1.070	-11.646
4012.470	1.070	-11.646
4012.480	1.140	-11.865
4012.490	1.140	-12.305
4012.500	1.140	-12.231
4012.510	1.200	-12.598
4012.520	1.200	-12.598
4012.530	1.200	-13.110
4012.540	1.230	-13.110
4012.550	1.230	-13.037
4012.560	1.230	-13.330
4012.570	1.230	-13.184
4012.580	1.230	-13.403
4012.590	1.230	-13.257
4012.600	1.230	-13.623
4012.610	1.230	-13.477
4012.620	1.230	-13.477
4012.630	1.250	-13.696
4012.640	1.250	-13.403
4012.650	1.250	-13.623
4012.660	1.280	-13.696
4012.670	1.280	-13.770
4012.680	1.280	-13.770
4012.690	1.260	-13.696
4012.700	1.260	-13.696
4012.710	1.260	-13.477
4012.720	1.230	-13.770
4012.730	1.230	-13.623
4012.740	1.230	-13.770
4012.750	1.260	-13.770
4012.760	1.260	-13.550
4012.770	1.260	-13.843
4012.780	1.300	-13.843
4012.790	1.300	-13.916
4012.800	1.300	-14.136
4012.810	1.310	-14.282
4012.820	1.310	-14.209
4012.830	1.310	-14.282
4012.840	1.320	-14.282
4012.850	1.320	-14.282
4012.860	1.320	-14.502
4012.870	1.310	-14.355
4012.880	1.310	-14.355
4012.890	1.310	-14.282
4012.900	1.290	-14.136
4012.910	1.290	-14.062
4012.920	1.290	-13.989
4012.930	1.260	-13.916
4012.940	1.260	-13.770
4012.950	1.260	-13.550
4012.960	1.180	-13.037
4012.970	1.180	-13.037
4012.980	1.180	-12.524
4012.990	1.040	-12.305
4013.000	1.040	-11.792
4013.010	1.040	-11.719
4013.020	0.960	-11.499
4013.030	0.960	-10.693
4013.040	0.960	-10.840
4013.050	0.940	-10.327
4013.060	0.940	-10.360
4013.070	0.940	-9.920
4013.080	0.820	-9.567
4013.090	0.820	-9.274
4013.100	0.820	-9.128
4013.110	0.730	-8.762
4013.120	0.730	-8.566
4013.130	0.730	-8.640
4013.140	0.710	-8.000
4013.150	0.710	-7.707
4013.160	0.710	-7.455
4013.170	0.630	-7.089
4013.180	0.630	-6.978
4013.190	0.630	-6.172
4013.200	0.480	-6.172
4013.210	0.480	-5.879
4013.220	0.480	-4.610
4013.230	0.310	-4.610
4013.240	0.310	-4.224
4013.250	0.310	-3.125
4013.260	0.190	-3.125
4013.270	0.190	-2.686
4013.280	0.190	-2.197
4013.290	0.090	-1.831
4013.300	0.090	-1.392
4013.310	0.090	-0.879
4013.320	-0.030	-0.513
4013.330	-0.030	-0.146
4013.340	-0.030	0.073
4013.350	-0.110	0.366
4013.360	-0.110	0.732
4013.370	-0.110	1.172
4013.380	-0.180	1.611
4013.390	-0.180	1.978
4013.400	-0.180	2.344
4013.410	-0.320	2.710
4013.420	-0.320	3.149
4013.430	-0.320	3.662
4013.440	-0.440	4.102
4013.450	-0.440	4.321
4013.460	-0.440	4.687
4013.470	-0.520	5.200
4013.480	-0.520	5.420
4013.490	-0.520	6.299
4013.500	-0.600	6.592
4013.510	-0.600	6.812
4013.520	-0.600	6.812
4013.530	-0.720	7.218
4013.540	-0.720	7.511
4013.550	-0.720	8.170
4013.560	-0.840	8.463
4013.570	-0.840	8.560
4013.580	-0.840	9.220
4013.590	-0.920	9.493
4013.600	-0.920	9.712
4013.610	-0.920	9.932
4013.620	-1.000	10.665
4013.630	-1.000	10.698
4013.640	-1.000	11.210
4013.650	-1.120	11.357
4013.660	-1.120	11.870
4013.670	-1.120	12.358
4013.680	-1.190	12.211
4013.690	-1.190	12.817
4013.700	-1.190	12.891
4013.710	-1.240	13.330
4013.720	-1.240	13.330
4013.730	-1.240	13.623
4013.740	-1.250	13.843
4013.750	-1.250	13.696
4013.760	-1.250	13.843
4013.770	-1.250	13.843
4013.780	-1.250	13.916
4013.790	-1.250	14.168
4013.800	-1.280	14.255
4013.810	-1.280	14.182
4013.820	-1.280	14.182
4013.830	-1.290	14.182
4013.840	-1.290	14.353
4013.850	-1.290	14.452
4013.860	-1.310	14.452
4013.870	-1.310	14.697
4013.880	-1.310	14.444
4013.890	-1.290	14.444
4013.900	-1.290	14.431
4013.910	-1.290	14.431
4013.920	-1.270	14.431
4013.930	-1.270	14.276
4013.940	-1.270	14.323
4013.950	-1.270	14.323
4013.960	-1.270	14.323
4013.970	-1.270	14.225
4013.980	-1.290	14.225
4013.990	-1.290	14.225
4014.000	-1.290	14.372
4014.010	-1.320	14.372
4014.020	-1.320	14.591
4014.030	-1.320	14.665
4014.040	-1.340	14.369
4014.050	-1.340	14.808
4014.060	-1.340	14.735
4014.070	-1.350	14.589
4014.080	-1.350	15.288
4014.090	-1.350	14.995
4014.100	-1.390	14.922
4014.110	-1.390	15.435
4014.120	-1.390	15.288
4014.130	-1.430	15.362
4014.140	-1.430	15.902
4014.150	-1.430	15.828
4014.160	-1.440	15.762
4014.170	-1.440	16.128
4014.180	-1.440	15.941
4014.190	-1.450	15.868
4014.200	-1.450	16.437
4014.210	-1.450	16.364
4014.220	-1.480	16.224
4014.230	-1.480	16.590
4014.240	-1.480	16.477
4014.250	-1.520	16.477
4014.260	-1.520	16.869
4014.270	-1.520	16.795
4014.280	-1.530	16.842
4014.290	-1.530	17.062
4014.300	-1.530	16.565
4014.310	-1.490	16.639
4014.320	-1.490	16.868
4014.330	-1.490	16.502
4014.340	-1.450	16.408
4014.350	-1.450	16.262
4014.360	-1.450	15.863
4014.370	-1.400	15.790
4014.380	-1.400	15.524
4014.390	-1.400	15.450
4014.400	-1.320	15.244
4014.410	-1.320	14.731
4014.420	-1.320	14.569
4014.430	-1.210	14.129
4014.440	-1.210	14.011
4014.450	-1.210	13.571
4014.460	-1.120	13.445
4014.470	-1.120	12.786
4014.480	-1.120	12.712
4014.490	-1.070	12.346
4014.500	-1.070	12.260
4014.510	-1.070	11.893
4014.520	-1.030	11.747
4014.530	-1.030	11.600
4014.540	-1.030	11.226
4014.550	-0.970	11.153
4014.560	-0.970	10.767
4014.570	-0.970	10.986
4014.580	-0.900	10.400
4014.590	-0.900	10.400
4014.600	-0.900	9.888
4014.610	-0.810	9.741
4014.620	-0.810	9.448
4014.630	-0.810	9.229
4014.640	-0.740	8.789
4014.650	-0.740	8.643
4014.660	-0.740	8.350
4014.670	-0.640	7.690
4014.680	-0.640	7.544
4014.690	-0.640	7.104
4014.700	-0.510	6.812
4014.710	-0.510	6.445
4014.720	-0.510	5.713
4014.730	-0.400	5.420
4014.740	-0.400	4.980
4014.750	-0.400	4.468
4014.760	-0.250	4.102
4014.770	-0.250	3.662
4014.780	-0.250	3.076
4014.790	-0.100	2.417
4014.800	-0.100	1.978
4014.810	-0.100	1.611
4014.820	0.020	1.245
4014.830	0.020	0.806
4014.840	0.020	0.293
4014.850	0.110	-0.220
4014.860	0.110	-0.732
4014.870	0.110	-1.465
4014.880	0.210	-1.465
4014.890	0.210	-1.790
4014.900	0.210	-2.669
4014.910	0.330	-2.669
4014.920	0.330	-3.255
4014.930	0.330	-3.914
4014.940	0.450	-3.914
4014.950	0.450	-4.207
4014.960	0.450	-4.940
4014.970	0.520	-4.940
4014.980	0.520	-5.160
4014.990	0.520	-6.006
4015.000	0.570	-6.006
4015.010	0.570	-6.079
4015.020	0.570	-6.299
4015.030	0.640	-6.299
4015.040	0.640	-6.665
4015.050	0.640	-7.251
4015.060	0.720	-7.251
4015.070	0.720	-7.471
4015.080	0.720	-8.130
4015.090	0.800	-8.130
4015.100	0.800	-8.057
4015.110	0.800	-8.936
4015.120	0.860	-8.936
4015.130	0.860	-8.922
4015.140	0.860	-9.142
4015.150	0.900	-9.362
4015.160	0.900	-9.508
4015.170	0.900	-9.508
4015.180	0.920	-9.801
4015.190	0.920	-9.728
4015.200	0.920	-10.094
4015.210	0.970	-10.021
4015.220	0.970	-10.241
4015.230	0.970	-10.620
4015.240	1.040	-10.840
4015.250	1.040	-11.060
4015.260	1.040	-10.913
4015.270	1.080	-11.353
4015.280	1.080	-11.572
4015.290	1.080	-11.719
4015.300	1.110	-11.865
4015.310	1.110	-11.865
4015.320	1.110	-12.305
4015.330	1.150	-12.231
4015.340	1.150	-12.305
4015.350	1.150	-12.231
4015.360	1.160	-12.598
4015.370	1.160	-12.378
4015.380	1.160	-12.451
4015.390	1.150	-12.598
4015.400	1.150	-12.671
4015.410	1.150	-12.744
4015.420	1.180	-12.598
4015.430	1.180	-12.964
4015.440	1.180	-12.671
4015.450	1.200	-13.037
4015.460	1.200	-12.744
4015.470	1.200	-13.257
4015.480	1.210	-13.110
4015.490	1.210	-13.257
4015.500	1.210	-13.477
4015.510	1.260	-13.477
4015.520	1.260	-13.696
4015.530	1.260	-13.696
4015.540	1.310	-13.989
4015.550	1.310	-14.062
4015.560	1.310	-14.282
4015.570	1.330	-14.282
4015.580	1.330	-14.502
4015.590	1.330	-14.502
4015.600	1.350	-14.575
4015.610	1.350	-14.795
4015.620	1.350	-14.648
4015.630	1.360	-14.795
4015.640	1.360	-14.722
4015.650	1.360	-14.722
4015.660	1.370	-15.088
4015.670	1.370	-14.933
4015.680	1.370	-15.007
4015.690	1.370	-15.146
4015.700	1.370	-14.764
4015.710	1.370	-14.910
4015.720	1.350	-14.984
4015.730	1.350	-14.544
4015.740	1.350	-14.764
4015.750	1.310	-14.544
4015.760	1.310	-14.495
4015.770	1.310	-14.284
4015.780	1.280	-14.077
4015.790	1.280	-14.084
4015.800	1.280	-13.954
4015.810	1.260	-13.881
4015.820	1.260	-13.799
4015.830	1.260	-14.019
4015.840	1.260	-13.819
4015.850	1.260	-13.746
4015.860	1.260	-13.721
4015.870	1.270	-13.648
4015.880	1.270	-13.944
4015.890	1.270	-13.724
4015.900	1.250	-13.818
4015.910	1.250	-13.671
4015.920	1.250	-13.533
4015.930	1.230	-13.606
4015.940	1.230	-13.562
4015.950	1.230	-13.708
4015.960	1.210	-13.289
4015.970	1.210	-13.435
4015.980	1.210	-13.053
4015.990	1.200	-13.053
4016.000	1.200	-13.497
4016.010	1.200	-13.204
4016.020	1.200	-13.290
4016.030	1.200	-12.997
4016.040	1.200	-13.168
4016.050	1.200	-12.875
4016.060	1.200	-13.156
4016.070	1.200	-13.376
4016.080	1.200	-13.196
4016.090	1.200	-13.196
4016.100	1.200	-12.586
4016.110	1.160	-13.025
4016.120	1.160	-12.670
4016.130	1.160	-12.670
4016.140	1.080	-12.144
4016.150	1.080	-12.217
4016.160	1.080	-11.550
4016.170	0.930	-10.818
4016.180	0.930	-10.810
4016.190	0.930	-10.224
4016.200	0.800	-9.858
4016.210	0.800	-9.272
4016.220	0.800	-8.882
4016.230	0.670	-8.076
4016.240	0.670	-7.861
4016.250	0.670	-7.349
4016.260	0.550	-6.936
4016.270	0.550	-6.570
4016.280	0.550	-5.878
4016.290	0.420	-5.658
4016.300	0.420	-5.414
4016.310	0.420	-4.828
4016.320	0.310	-4.442
4016.330	0.310	-4.149
4016.340	0.310	-3.571
4016.350	0.200	-2.985
4016.360	0.200	-2.600
4016.370	0.200	-2.234
4016.380	0.070	-1.868
4016.390	0.070	-1.282
4016.400	0.070	-0.265
4016.410	-0.060	-0.265
4016.420	-0.060	0.155
4016.430	-0.060	1.253
4016.440	-0.220	1.253
4016.450	-0.220	1.839
4016.460	-0.220	2.726
4016.470	-0.350	2.726
4016.480	-0.350	3.166
4016.490	-0.350	4.191
4016.500	-0.430	4.191
4016.510	-0.430	4.468
4016.520	-0.430	5.200
4016.530	-0.500	5.200
4016.540	-0.500	5.420
4016.550	-0.500	6.079
4016.560	-0.610	6.079
4016.570	-0.610	6.445
4016.580	-0.610	7.031
4016.590	-0.740	7.031
4016.600	-0.740	7.544
4016.610	-0.740	8.569
4016.620	-0.830	8.569
4016.630	-0.830	8.496
4016.640	-0.830	9.302
4016.650	-0.900	9.302
4016.660	-0.900	9.595
4016.670	-0.900	10.181
4016.680	-0.940	10.181
4016.690	-0.940	10.254
4016.700	-0.940	10.547
4016.710	-0.980	10.547
4016.720	-0.980	10.547
4016.730	-0.980	10.986
4016.740	-1.040	11.279
4016.750	-1.040	11.279
4016.760	-1.040	11.865
4016.770	-1.110	11.865
4016.780	-1.110	12.085
4016.790	-1.110	12.172
4016.800	-1.170	12.172
4016.810	-1.170	12.448
4016.820	-1.170	12.814
4016.830	-1.190	12.695
4016.840	-1.190	12.914
4016.850	-1.190	13.207
4016.860	-1.200	12.988
4016.870	-1.200	13.378
4016.880	-1.200	13.232
4016.890	-1.210	13.465
4016.900	-1.210	13.451
4016.910	-1.210	13.541
4016.920	-1.240	13.687
4016.930	-1.240	13.710
4016.940	-1.240	13.849
4016.950	-1.280	13.923
4016.960	-1.280	14.126
4016.970	-1.280	14.175
4016.980	-1.330	14.395
4016.990	-1.330	14.308
4017.000	-1.330	14.674
4017.010	-1.390	14.821
4017.020	-1.390	14.829
4017.030	-1.390	15.366
4017.040	-1.400	15.233
4017.050	-1.400	15.160
4017.060	-1.400	15.542
4017.070	-1.410	15.249
4017.080	-1.410	15.412
4017.090	-1.410	15.998
4017.100	-1.430	15.845
4017.110	-1.430	15.625
4017.120	-1.430	15.837
4017.130	-1.450	15.690
4017.140	-1.450	15.838
4017.150	-1.450	16.204
4017.160	-1.450	16.118
4017.170	-1.450	15.898
4017.180	-1.450	16.028
4017.190	-1.460	15.955
4017.200	-1.460	15.970
4017.210	-1.460	16.482
4017.220	-1.480	16.482
4017.230	-1.480	16.263
4017.240	-1.480	16.401
4017.250	-1.500	16.401
4017.260	-1.500	16.414
4017.270	-1.500	16.781
4017.280	-1.480	16.488
4017.290	-1.480	16.414
4017.300	-1.480	16.333
4017.310	-1.440	16.040
4017.320	-1.440	16.154
4017.330	-1.440	16.154
4017.340	-1.390	15.861
4017.350	-1.390	15.568
4017.360	-1.390	15.348
4017.370	-1.360	15.348
4017.380	-1.360	15.348
4017.390	-1.360	15.129
4017.400	-1.350	15.275
4017.410	-1.350	14.909
4017.420	-1.350	14.575
4017.430	-1.310	14.795
4017.440	-1.310	14.429
4017.450	-1.310	14.648
4017.460	-1.270	14.648
4017.470	-1.270	14.355
4017.480	-1.270	14.355
4017.490	-1.270	14.209
4017.500	-1.270	14.062
4017.510	-1.270	13.989
4017.520	-1.240	13.989
4017.530	-1.240	13.761
4017.540	-1.240	13.908
4017.550	-1.180	13.422
4017.560	-1.180	13.202
4017.570	-1.180	13.129
4017.580	-1.110	12.763
4017.590	-1.110	12.689
4017.600	-1.110	12.323
4017.610	-1.060	12.543
4017.620	-1.060	11.884
4017.630	-1.060	11.526
4017.640	-0.980	11.379
4017.650	-0.980	11.060
4017.660	-0.980	10.913
4017.670	-0.880	10.474
4017.680	-0.880	10.181
4017.690	-0.880	9.888
4017.700	-0.750	9.448
4017.710	-0.750	8.716
4017.720	-0.750	8.569
4017.730	-0.610	8.057
4017.740	-0.610	7.324
4017.750	-0.610	6.812
4017.760	-0.460	6.226
4017.770	-0.460	5.859
4017.780	-0.460	5.420
4017.790	-0.330	4.687
4017.800	-0.330	4.248
4017.810	-0.330	3.735
4017.820	-0.160	3.076
4017.830	-0.160	2.637
4017.840	-0.160	2.271
4017.850	-0.040	1.904
4017.860	-0.040	1.465
4017.870	-0.040	0.879
4017.880	0.070	0.439
4017.890	0.070	0.000
4017.900	0.070	-0.439
4017.910	0.170	-0.952
4017.920	0.170	-1.465
4017.930	0.170	-1.904
4017.940	0.300	-2.197
4017.950	0.300	-2.563
4017.960	0.300	-3.003
4017.970	0.410	-3.516
4017.980	0.410	-4.028
4017.990	0.410	-4.321
4018.000	0.520	-4.687
4018.010	0.520	-5.127
4018.020	0.520	-5.347
4018.030	0.600	-5.566
4018.040	0.600	-6.006
4018.050	0.600	-6.445
4018.060	0.660	-6.665
4018.070	0.660	-6.812
4018.080	0.660	-7.104
4018.090	0.700	-7.251
4018.100	0.700	-7.471
4018.110	0.700	-7.544
4018.120	0.760	-7.690
4018.130	0.760	-8.276
4018.140	0.760	-8.350
4018.150	0.850	-8.569
4018.160	0.850	-8.936
4018.170	0.850	-9.009
4018.180	0.920	-9.375
4018.190	0.920	-9.521
4018.200	0.920	-9.888
4018.210	0.960	-9.961
4018.220	0.960	-10.474
4018.230	0.960	-10.181
4018.240	1.000	-10.620
4018.250	1.000	-10.620
4018.260	1.000	-10.913
4018.270	1.040	-11.060
4018.280	1.040	-11.198
4018.290	1.040	-11.930
4018.300	1.110	-11.930
4018.310	1.110	-11.930
4018.320	1.110	-12.370
4018.330	1.160	-12.370
4018.340	1.160	-12.590
4018.350	1.160	-12.736
4018.360	1.200	-12.736
4018.370	1.200	-13.175
4018.380	1.200	-13.257
4018.390	1.220	-13.257
4018.400	1.220	-12.964
4018.410	1.220	-13.184
4018.420	1.250	-13.184
4018.430	1.250	-13.403
4018.440	1.250	-13.623
4018.450	1.270	-13.623
4018.460	1.270	-13.770
4018.470	1.270	-13.916
4018.480	1.280	-13.916
4018.490	1.280	-13.916
4018.500	1.280	-13.916
4018.510	1.290	-13.989
4018.520	1.290	-14.062
4018.530	1.290	-14.136
4018.540	1.290	-14.136
4018.550	1.290	-14.136
4018.560	1.290	-13.996
4018.570	1.300	-14.216
4018.580	1.300	-14.069
4018.590	1.300	-14.142
4018.600	1.320	-14.289
4018.610	1.320	-14.142
4018.620	1.320	-14.362
4018.630	1.320	-14.289
4018.640	1.320	-14.362
4018.650	1.320	-14.509
4018.660	1.350	-14.575
4018.670	1.350	-14.648
4018.680	1.350	-14.648
4018.690	1.380	-14.795
4018.700	1.380	-15.088
4018.710	1.380	-14.868
4018.720	1.390	-15.015
4018.730	1.390	-15.234
4018.740	1.390	-14.795
4018.750	1.380	-15.161
4018.760	1.380	-15.308
4018.770	1.380	-14.868
4018.780	1.380	-15.308
4018.790	1.380	-15.234
4018.800	1.380	-14.868
4018.810	1.410	-15.234
4018.820	1.410	-15.308
4018.830	1.410	-15.161
4018.840	1.440	-15.527
4018.850	1.440	-15.633
4018.860	1.440	-15.413
4018.870	1.440	-15.700
4018.880	1.440	-15.626
4018.890	1.440	-15.407
4018.900	1.410	-15.626
4018.910	1.410	-15.561
4018.920	1.410	-15.342
4018.930	1.340	-15.208
4018.940	1.340	-14.916
4018.950	1.340	-14.736
4018.960	1.230	-14.517
4018.970	1.230	-14.613
4018.980	1.230	-14.540
4018.990	1.270	-14.213
4019.000	1.270	-14.067
4019.010	1.270	-13.839
4019.020	1.250	-13.839
4019.030	1.250	-13.679
4019.040	1.250	-13.679
4019.050	1.220	-13.606
4019.060	1.220	-13.460
4019.070	1.220	-13.224
4019.080	1.200	-12.931
4019.090	1.200	-13.330
4019.100	1.200	-12.891
4019.110	1.160	-12.964
4019.120	1.160	-12.598
4019.130	1.160	-12.744
4019.140	1.090	-12.305
4019.150	1.090	-12.012
4019.160	1.090	-11.938
4019.170	1.020	-11.865
4019.180	1.020	-11.426
4019.190	1.020	-10.913
4019.200	0.930	-10.913
4019.210	0.930	-10.254
4019.220	0.930	-10.181
4019.230	0.800	-9.521
4019.240	0.800	-9.082
4019.250	0.800	-8.350
4019.260	0.610	-8.130
4019.270	0.610	-7.251
4019.280	0.610	-6.812
4019.290	0.440	-6.152
4019.300	0.440	-5.566
4019.310	0.440	-5.127
4019.320	0.310	-4.468
4019.330	0.310	-4.028
4019.340	0.310	-3.735
4019.350	0.190	-3.369
4019.360	0.190	-2.637
4019.370	0.190	-2.197
4019.380	0.080	-1.831
4019.390	0.080	-0.936
4019.400	0.080	-0.277
4019.410	-0.080	-0.277
4019.420	-0.080	0.529
4019.430	-0.080	1.554
4019.440	-0.250	1.554
4019.450	-0.250	2.140
4019.460	-0.250	3.166
4019.470	-0.370	3.166
4019.480	-0.370	3.752
4019.490	-0.370	4.468
4019.500	-0.470	4.468
4019.510	-0.470	4.907
4019.520	-0.470	5.493
4019.530	-0.580	5.493
4019.540	-0.580	6.079
4019.550	-0.580	6.372
4019.560	-0.690	6.592
4019.570	-0.690	7.031
4019.580	-0.690	7.764
4019.590	-0.760	7.764
4019.600	-0.760	8.350
4019.610	-0.760	8.569
4019.620	-0.820	8.569
4019.630	-0.820	8.936
4019.640	-0.820	9.448
4019.650	-0.900	9.448
4019.660	-0.900	9.668
4019.670	-0.900	10.034
4019.680	-0.950	10.034
4019.690	-0.950	10.474
4019.700	-0.950	10.913
4019.710	-0.990	10.913
4019.720	-0.990	10.840
4019.730	-0.990	11.133
4019.740	-1.050	11.040
4019.750	-1.050	11.406
4019.760	-1.050	11.699
4019.770	-1.110	11.772
4019.780	-1.110	11.967
4019.790	-1.110	12.187
4019.800	-1.180	12.640
4019.810	-1.180	12.420
4019.820	-1.180	12.933
4019.830	-1.200	12.860
4019.840	-1.200	13.555
4019.850	-1.200	13.335
4019.860	-1.230	13.562
4019.870	-1.230	13.708
4019.880	-1.230	13.659
4019.890	-1.300	13.952
4019.900	-1.300	14.330
4019.910	-1.300	14.476
4019.920	-1.350	14.603
4019.930	-1.350	14.896
4019.940	-1.350	14.586
4019.950	-1.410	15.172
4019.960	-1.410	15.646
4019.970	-1.410	15.426
4019.980	-1.480	15.985
4019.990	-1.480	15.985
4020.000	-1.480	15.741
4020.010	-1.520	16.327
4020.020	-1.520	16.534
4020.030	-1.520	16.754
4020.040	-1.530	16.900
4020.050	-1.530	16.681
4020.060	-1.530	16.713
4020.070	-1.540	17.153
4020.080	-1.540	17.049
4020.090	-1.540	17.511
4020.100	-1.560	17.364
4020.110	-1.560	17.364
4020.120	-1.560	17.157
4020.130	-1.590	17.157
4020.140	-1.590	17.808
4020.150	-1.590	17.928
4020.160	-1.630	17.708
4020.170	-1.630	17.855
4020.180	-1.630	18.058
4020.190	-1.690	18.378
4020.200	-1.690	18.329
4020.210	-1.690	18.256
4020.220	-1.690	18.569
4020.230	-1.690	18.642
4020.240	-1.690	18.430
4020.250	-1.660	18.530
4020.260	-1.660	18.384
4020.270	-1.660	18.457
4020.280	-1.620	18.457
4020.290	-1.620	18.091
4020.300	-1.620	17.871
4020.310	-1.600	18.018
4020.320	-1.600	17.871
4020.330	-1.600	17.725
4020.340	-1.560	17.358
4020.350	-1.560	17.285
4020.360	-1.560	17.432
4020.370	-1.520	16.919
4020.380	-1.520	16.846
4020.390	-1.520	16.772
4020.400	-1.430	16.333
4020.410	-1.430	16.187
4020.420	-1.430	15.820
4020.430	-1.330	15.381
4020.440	-1.330	15.527
4020.450	-1.330	15.088
4020.460	-1.300	14.868
4020.470	-1.300	14.941
4020.480	-1.300	14.502
4020.490	-1.320	14.502
4020.500	-1.320	14.575
4020.510	-1.320	14.429
4020.520	-1.300	14.575
4020.530	-1.300	14.355
4020.540	-1.300	14.209
4020.550	-1.250	14.136
4020.560	-1.250	13.916
4020.570	-1.250	13.550
4020.580	-1.140	13.550
4020.590	-1.140	12.964
4020.600	-1.140	12.744
4020.610	-1.020	12.231
4020.620	-1.020	11.865
4020.630	-1.020	11.719
4020.640	-0.950	11.353
4020.650	-0.950	10.913
4020.660	-0.950	10.547
4020.670	-0.850	10.474
4020.680	-0.850	9.741
4020.690	-0.850	9.521
4020.700	-0.700	9.082
4020.710	-0.700	8.569
4020.720	-0.700	7.690
4020.730	-0.530	7.178
4020.740	-0.530	6.372
4020.750	-0.530	6.006
4020.760	-0.330	5.347
4020.770	-0.330	4.492
4020.780	-0.330	3.240
4020.790	-0.160	3.240
4020.800	-0.160	2.581
4020.810	-0.160	1.556
4020.820	0.030	1.556
4020.830	0.030	0.970
4020.840	0.030	-0.641
4020.850	0.200	-0.641
4020.860	0.200	-1.227
4020.870	0.200	-2.204
4020.880	0.350	-2.204
4020.890	0.350	-2.783
4020.900	0.350	-3.449
4020.910	0.490	-3.962
4020.920	0.490	-4.401
4020.930	0.490	-5.060
4020.940	0.610	-5.500
4020.950	0.610	-5.720
4020.960	0.610	-6.159
4020.970	0.700	-6.745
4020.980	0.700	-7.111
4020.990	0.700	-7.697
4021.000	0.770	-7.837
4021.010	0.770	-8.057
4021.020	0.770	-8.643
4021.030	0.880	-8.716
4021.040	0.880	-9.229
4021.050	0.880	-9.448
4021.060	0.990	-9.961
4021.070	0.990	-10.107
4021.080	0.990	-10.767
4021.090	1.070	-10.693
4021.100	1.070	-11.206
4021.110	1.070	-11.499
4021.120	1.130	-11.865
4021.130	1.130	-12.012
4021.140	1.130	-12.085
4021.150	1.170	-12.598
4021.160	1.170	-12.524
4021.170	1.170	-12.964
4021.180	1.240	-12.891
4021.190	1.240	-13.477
4021.200	1.240	-13.550
4021.210	1.330	-13.916
4021.220	1.330	-13.989
4021.230	1.330	-14.209
4021.240	1.390	-14.429
4021.250	1.390	-14.795
4021.260	1.390	-15.015
4021.270	1.430	-15.161
4021.280	1.430	-15.601
4021.290	1.430	-15.601
4021.300	1.500	-15.820
4021.310	1.500	-16.187
4021.320	1.500	-16.333
4021.330	1.580	-16.919
4021.340	1.580	-16.772
4021.350	1.580	-16.846
4021.360	1.640	-17.505
4021.370	1.640	-17.651
4021.380	1.640	-17.651
4021.390	1.680	-17.798
4021.400	1.680	-18.091
4021.410	1.680	-18.311
4021.420	1.710	-18.457
4021.430	1.710	-18.384
4021.440	1.710	-18.677
4021.450	1.730	-18.823
4021.460	1.730	-18.750
4021.470	1.730	-18.823
4021.480	1.740	-19.189
4021.490	1.740	-19.263
4021.500	1.740	-19.263
4021.510	1.760	-19.143
4021.520	1.760	-19.143
4021.530	1.760	-19.289
4021.540	1.750	-19.216
4021.550	1.750	-19.070
4021.560	1.750	-18.996
4021.570	1.720	-19.143
4021.580	1.720	-18.996
4021.590	1.720	-19.070
4021.600	1.730	-18.850
4021.610	1.730	-18.823
4021.620	1.730	-18.823
4021.630	1.740	-18.896
4021.640	1.740	-18.750
4021.650	1.740	-18.677
4021.660	1.690	-18.677
4021.670	1.690	-18.384
4021.680	1.690	-18.164
4021.690	1.610	-18.164
4021.700	1.610	-17.944
4021.710	1.610	-17.871
4021.720	1.550	-17.432
4021.730	1.550	-17.139
4021.740	1.550	-17.432
4021.750	1.560	-17.358
4021.760	1.560	-17.065
4021.770	1.560	-17.212
4021.780	1.600	-17.358
4021.790	1.600	-17.651
4021.800	1.600	-17.432
4021.810	1.670	-17.578
4021.820	1.670	-18.018
4021.830	1.670	-18.091
4021.840	1.670	-18.091
4021.850	1.670	-17.871
4021.860	1.670	-18.018
4021.870	1.600	-18.018
4021.880	1.600	-17.578
4021.890	1.600	-17.578
4021.900	1.490	-17.578
4021.910	1.490	-16.772
4021.920	1.490	-16.260
4021.930	1.390	-16.260
4021.940	1.390	-15.527
4021.950	1.390	-15.454
4021.960	1.260	-14.695
4021.970	1.260	-14.109
4021.980	1.260	-13.450
4021.990	1.060	-12.937
4022.000	1.060	-12.156
4022.010	1.060	-12.083
4022.020	0.930	-11.470
4022.030	0.930	-10.591
4022.040	0.930	-10.518
4022.050	0.880	-9.932
4022.060	0.880	-9.910
4022.070	0.880	-9.544
4022.080	0.800	-9.337
4022.090	0.800	-8.751
4022.100	0.800	-8.654
4022.110	0.680	-8.068
4022.120	0.680	-7.557
4022.130	0.680	-7.338
4022.140	0.510	-6.778
4022.150	0.510	-6.266
4022.160	0.510	-5.509
4022.170	0.270	-4.630
4022.180	0.270	-4.112
4022.190	0.270	-3.599
4022.200	0.090	-2.720
4022.210	0.090	-2.208
4022.220	0.090	-1.573
4022.230	-0.040	-0.914
4022.240	-0.040	-0.203
4022.250	-0.040	0.456
4022.260	-0.160	1.008
4022.270	-0.160	1.448
4022.280	-0.160	1.895
4022.290	-0.300	2.408
4022.300	-0.300	2.978
4022.310	-0.300	3.637
4022.320	-0.440	4.023
4022.330	-0.440	4.389
4022.340	-0.440	4.878
4022.350	-0.580	5.390
4022.360	-0.580	5.790
4022.370	-0.580	6.303
4022.380	-0.680	6.669
4022.390	-0.680	6.888
4022.400	-0.680	7.344
4022.410	-0.750	7.637
4022.420	-0.750	7.983
4022.430	-0.750	8.569
4022.440	-0.840	8.643
4022.450	-0.840	9.009
4022.460	-0.840	9.302
4022.470	-0.970	9.741
4022.480	-0.970	9.961
4022.490	-0.970	10.767
4022.500	-1.080	10.913
4022.510	-1.080	11.353
4022.520	-1.080	11.572
4022.530	-1.160	12.085
4022.540	-1.160	12.671
4022.550	-1.160	12.598
4022.560	-1.230	13.257
4022.570	-1.230	13.257
4022.580	-1.230	13.770
4022.590	-1.300	13.843
4022.600	-1.300	13.989
4022.610	-1.300	14.136
4022.620	-1.330	14.502
4022.630	-1.330	14.429
4022.640	-1.330	14.648
4022.650	-1.340	14.722
4022.660	-1.340	14.648
4022.670	-1.340	14.868
4022.680	-1.340	14.648
4022.690	-1.340	14.795
4022.700	-1.340	15.015
4022.710	-1.320	14.722
4022.720	-1.320	14.941
4022.730	-1.320	14.795
4022.740	-1.340	14.648
4022.750	-1.340	15.161
4022.760	-1.340	15.161
4022.770	-1.420	15.161
4022.780	-1.420	15.674
4022.790	-1.420	15.820
4022.800	-1.530	15.820
4022.810	-1.530	16.479
4022.820	-1.530	16.626
4022.830	-1.640	17.285
4022.840	-1.640	17.651
4022.850	-1.640	17.578
4022.860	-1.720	18.091
4022.870	-1.720	18.457
4022.880	-1.720	18.823
4022.890	-1.780	19.043
4022.900	-1.780	19.482
4022.910	-1.780	19.629
4022.920	-1.820	19.702
4022.930	-1.820	19.702
4022.940	-1.820	19.849
4022.950	-1.860	20.435
4022.960	-1.860	20.361
4022.970	-1.860	20.508
4022.980	-1.850	20.508
4022.990	-1.850	20.215
4023.000	-1.850	20.288
4023.010	-1.820	20.215
4023.020	-1.820	20.361
4023.030	-1.820	20.361
4023.040	-1.810	20.508
4023.050	-1.810	20.215
4023.060	-1.810	19.775
4023.070	-1.770	19.775
4023.080	-1.770	19.556
4023.090	-1.770	19.922
4023.100	-1.750	19.922
4023.110	-1.750	19.775
4023.120	-1.750	19.629
4023.130	-1.790	19.482
4023.140	-1.790	19.409
4023.150	-1.790	19.409
4023.160	-1.770	19.775
4023.170	-1.770	19.629
4023.180	-1.770	19.409
4023.190	-1.720	19.336
4023.200	-1.720	19.116
4023.210	-1.720	19.189
4023.220	-1.690	19.189
4023.230	-1.690	18.750
4023.240	-1.690	18.677
4023.250	-1.640	18.530
4023.260	-1.640	18.164
4023.270	-1.640	17.969
4023.280	-1.550	17.882
4023.290	-1.550	17.443
4023.300	-1.550	17.003
4023.310	-1.410	16.637
4023.320	-1.410	16.035
4023.330	-1.410	15.962
4023.340	-1.240	15.183
4023.350	-1.240	14.450
4023.360	-1.240	14.011
4023.370	-1.080	13.400
4023.380	-1.080	12.942
4023.390	-1.080	12.356
4023.400	-0.950	11.697
4023.410	-0.950	11.257
4023.420	-0.950	10.761
4023.430	-0.810	10.028
4023.440	-0.810	9.806
4023.450	-0.810	9.220
4023.460	-0.630	8.515
4023.470	-0.630	7.855
4023.480	-0.630	7.302
4023.490	-0.440	6.716
4023.500	-0.440	6.277
4023.510	-0.440	5.398
4023.520	-0.250	4.739
4023.530	-0.250	4.226
4023.540	-0.250	3.323
4023.550	-0.150	2.956
4023.560	-0.150	2.490
4023.570	-0.150	2.124
4023.580	-0.050	1.538
4023.590	-0.050	1.025
4023.600	-0.050	0.586
4023.610	0.070	0.220
4023.620	0.070	-0.073
4023.630	0.070	-0.513
4023.640	0.210	-0.952
4023.650	0.210	-2.262
4023.660	0.210	-2.262
4023.670	0.360	-2.735
4023.680	0.360	-3.175
4023.690	0.360	-3.614
4023.700	0.500	-4.273
4023.710	0.500	-4.713
4023.720	0.500	-5.152
4023.730	0.590	-5.811
4023.740	0.590	-6.104
4023.750	0.590	-6.177
4023.760	0.680	-6.479
4023.770	0.680	-6.974
4023.780	0.680	-7.267
4023.790	0.760	-7.886
4023.800	0.760	-7.813
4023.810	0.760	-8.326
4023.820	0.880	-8.765
4023.830	0.880	-8.839
4023.840	0.880	-9.425
4023.850	0.990	-9.791
4023.860	0.990	-10.303
4023.870	0.990	-10.653
4023.880	1.090	-11.119
4023.890	1.090	-11.306
4023.900	1.090	-11.819
4023.910	1.190	-12.331
4023.920	1.190	-12.608
4023.930	1.190	-13.047
4023.940	1.320	-13.560
4023.950	1.320	-13.926
4023.960	1.320	-14.073
4023.970	1.430	-14.586
4023.980	1.430	-14.933
4023.990	1.430	-15.373
4024.000	1.520	-15.925
4024.010	1.520	-15.925
4024.020	1.520	-16.235
4024.030	1.580	-16.528
4024.040	1.580	-16.804
4024.050	1.580	-17.244
4024.060	1.590	-17.164
4024.070	1.590	-17.164
4024.080	1.590	-17.522
4024.090	1.610	-17.375
4024.100	1.610	-17.449
4024.110	1.610	-17.742
4024.120	1.630	-17.796
4024.130	1.630	-17.942
4024.140	1.630	-17.446
4024.150	1.640	-17.519
4024.160	1.640	-18.185
4024.170	1.640	-18.331
4024.180	1.670	-18.291
4024.190	1.670	-18.218
4024.200	1.670	-18.324
4024.210	1.730	-18.470
4024.220	1.730	-19.003
4024.230	1.730	-19.150
4024.240	1.780	-19.343
4024.250	1.780	-19.343
4024.260	1.780	-19.123
4024.270	1.800	-19.269
4024.280	1.800	-19.684
4024.290	1.800	-20.050
4024.300	1.800	-20.070
4024.310	1.800	-19.777
4024.320	1.800	-19.557
4024.330	1.830	-19.484
4024.340	1.830	-20.031
4024.350	1.830	-20.471
4024.360	1.870	-20.471
4024.370	1.870	-20.617
4024.380	1.870	-20.463
4024.390	1.900	-20.463
4024.400	1.900	-20.443
4024.410	1.900	-20.955
4024.420	1.930	-20.955
4024.430	1.930	-21.029
4024.440	1.930	-20.728
4024.450	1.900	-20.728
4024.460	1.900	-20.728
4024.470	1.900	-20.361
4024.480	1.810	-20.361
4024.490	1.810	-20.142
4024.500	1.810	-19.922
4024.510	1.740	-19.922
4024.520	1.740	-19.409
4024.530	1.740	-18.896
4024.540	1.690	-18.896
4024.550	1.690	-18.677
4024.560	1.690	-18.164
4024.570	1.590	-18.164
4024.580	1.590	-17.871
4024.590	1.590	-17.065
4024.600	1.480	-17.065
4024.610	1.480	-16.626
4024.620	1.480	-16.040
4024.630	1.390	-16.040
4024.640	1.390	-15.454
4024.650	1.390	-14.868
4024.660	1.250	-14.868
4024.670	1.250	-14.282
4024.680	1.250	-13.403
4024.690	1.150	-13.403
4024.700	1.150	-13.330
4024.710	1.150	-12.524
4024.720	1.080	-12.524
4024.730	1.080	-12.085
4024.740	1.080	-11.792
4024.750	1.030	-11.792
4024.760	1.030	-11.353
4024.770	1.030	-11.060
4024.780	0.980	-11.060
4024.790	0.980	-11.060
4024.800	0.980	-10.400
4024.810	0.930	-10.620
4024.820	0.930	-10.174
4024.830	0.930	-10.320
4024.840	0.870	-9.735
4024.850	0.870	-9.588
4024.860	0.870	-9.368
4024.870	0.760	-9.009
4024.880	0.760	-8.569
4024.890	0.760	-8.350
4024.900	0.660	-8.276
4024.910	0.660	-7.666
4024.920	0.660	-6.501
4024.930	0.540	-6.501
4024.940	0.540	-6.208
4024.950	0.540	-5.109
4024.960	0.380	-5.109
4024.970	0.380	-4.590
4024.980	0.380	-4.077
4024.990	0.170	-3.271
4025.000	0.170	-2.612
4025.010	0.170	-1.978
4025.020	-0.020	-1.465
4025.030	-0.020	-0.781
4025.040	-0.020	0.098
4025.050	-0.190	0.790
4025.060	-0.190	1.417
4025.070	-0.190	2.515
4025.080	-0.390	2.515
4025.090	-0.390	3.394
4025.100	-0.390	4.786
4025.110	-0.590	4.786
4025.120	-0.590	5.592
4025.130	-0.590	6.153
4025.140	-0.730	6.519
4025.150	-0.730	7.365
4025.160	-0.730	7.837
4025.170	-0.860	8.569
4025.180	-0.860	9.106
4025.190	-0.860	9.546
4025.200	-0.970	9.806
4025.210	-0.970	10.392
4025.220	-0.970	10.465
4025.230	-1.080	11.124
4025.240	-1.080	11.856
4025.250	-1.080	12.076
4025.260	-1.220	12.462
4025.270	-1.220	12.755
4025.280	-1.220	13.463
4025.290	-1.370	13.756
4025.300	-1.370	14.302
4025.310	-1.370	14.668
4025.320	-1.450	15.401
4025.330	-1.450	15.401
4025.340	-1.450	15.621
4025.350	-1.510	16.060
4025.360	-1.510	16.479
4025.370	-1.510	16.479
4025.380	-1.550	16.772
4025.390	-1.550	17.065
4025.400	-1.550	16.992
4025.410	-1.600	17.285
4025.420	-1.600	17.212
4025.430	-1.600	17.651
4025.440	-1.620	17.798
4025.450	-1.620	17.358
4025.460	-1.620	17.651
4025.470	-1.600	18.091
4025.480	-1.600	17.871
4025.490	-1.600	17.798
4025.500	-1.630	18.018
4025.510	-1.630	18.091
4025.520	-1.630	18.311
4025.530	-1.690	18.311
4025.540	-1.690	18.311
4025.550	-1.690	18.604
4025.560	-1.710	18.750
4025.570	-1.710	18.677
4025.580	-1.710	18.823
4025.590	-1.730	19.116
4025.600	-1.730	18.970
4025.610	-1.730	18.970
4025.620	-1.740	19.043
4025.630	-1.740	19.116
4025.640	-1.740	19.189
4025.650	-1.730	19.263
4025.660	-1.730	19.336
4025.670	-1.730	19.336
4025.680	-1.740	19.429
4025.690	-1.740	19.356
4025.700	-1.740	19.649
4025.710	-1.800	19.795
4025.720	-1.800	19.576
4025.730	-1.800	19.795
4025.740	-1.860	19.942
4025.750	-1.860	20.381
4025.760	-1.860	20.308
4025.770	-1.890	20.674
4025.780	-1.890	20.801
4025.790	-1.890	21.094
4025.800	-1.980	21.533
4025.810	-1.980	21.387
4025.820	-1.980	21.899
4025.830	-2.000	21.826
4025.840	-2.000	21.973
4025.850	-2.000	21.680
4025.860	-1.950	21.753
4025.870	-1.950	21.387
4025.880	-1.950	21.460
4025.890	-1.850	21.167
4025.900	-1.850	20.728
4025.910	-1.850	20.508
4025.920	-1.770	20.068
4025.930	-1.770	20.304
4025.940	-1.770	20.011
4025.950	-1.750	19.971
4025.960	-1.750	19.491
4025.970	-1.750	19.491
4025.980	-1.710	19.092
4025.990	-1.710	19.230
4026.000	-1.710	19.157
4026.010	-1.660	18.990
4026.020	-1.660	18.771
4026.030	-1.660	18.315
4026.040	-1.620	18.242
4026.050	-1.620	17.924
4026.060	-1.620	17.777
4026.070	-1.520	17.585
4026.080	-1.520	17.032
4026.090	-1.520	16.454
4026.100	-1.340	16.088
4026.110	-1.340	15.644
4026.120	-1.340	15.425
4026.130	-1.170	14.586
4026.140	-1.170	14.073
4026.150	-1.170	13.552
4026.160	-1.100	13.332
4026.170	-1.100	12.833
4026.180	-1.100	12.833
4026.190	-1.090	12.247
4026.200	-1.090	12.174
4026.210	-1.090	11.978
4026.220	-1.060	11.832
4026.230	-1.060	11.499
4026.240	-1.060	11.353
4026.250	-0.930	11.279
4026.260	-0.930	10.628
4026.270	-0.930	10.409
4026.280	-0.730	9.696
4026.290	-0.730	9.183
4026.300	-0.730	8.304
4026.310	-0.560	8.012
4026.320	-0.560	7.255
4026.330	-0.560	6.815
4026.340	-0.390	5.976
4026.350	-0.390	5.244
4026.360	-0.390	4.650
4026.370	-0.240	3.991
4026.380	-0.240	3.604
4026.390	-0.240	3.165
4026.400	-0.090	2.652
4026.410	-0.090	1.847
4026.420	-0.090	1.114
4026.430	0.090	0.688
4026.440	0.090	0.135
4026.450	0.090	-0.377
4026.460	0.220	-0.890
4026.470	0.220	-1.517
4026.480	0.220	-2.322
4026.490	0.390	-2.922
4026.500	0.390	-3.361
4026.510	0.390	-3.874
4026.520	0.590	-4.435
4026.530	0.590	-5.108
4026.540	0.590	-5.620
4026.550	0.700	-6.426
4026.560	0.700	-6.792
4026.570	0.700	-7.118
4026.580	0.760	-7.557
4026.590	0.760	-7.764
4026.600	0.760	-8.496
4026.610	0.850	-8.789
4026.620	0.850	-8.936
4026.630	0.850	-9.302
4026.640	0.980	-9.741
4026.650	0.980	-9.961
4026.660	0.980	-10.474
4026.670	1.100	-11.060
4026.680	1.100	-11.279
4026.690	1.100	-11.646
4026.700	1.180	-11.938
4026.710	1.180	-12.231
4026.720	1.180	-12.891
4026.730	1.230	-13.037
4026.740	1.230	-13.330
4026.750	1.230	-13.696
4026.760	1.330	-13.843
4026.770	1.330	-14.209
4026.780	1.330	-14.795
4026.790	1.490	-15.381
4026.800	1.490	-15.454
4026.810	1.490	-16.113
4026.820	1.620	-16.479
4026.830	1.620	-17.065
4026.840	1.620	-17.212
4026.850	1.670	-17.358
4026.860	1.670	-18.018
4026.870	1.670	-18.237
4026.880	1.730	-18.530
4026.890	1.730	-18.604
4026.900	1.730	-19.116
4026.910	1.830	-19.336
4026.920	1.830	-19.482
4026.930	1.830	-19.849
4026.940	1.970	-20.435
4026.950	1.970	-20.801
4026.960	1.970	-20.947
4026.970	2.010	-21.387
4026.980	2.010	-21.387
4026.990	2.010	-21.753
4027.000	2.000	-21.899
4027.010	2.000	-22.119
4027.020	2.000	-22.119
4027.030	2.000	-22.192
4027.040	2.000	-21.826
4027.050	2.000	-21.899
4027.060	1.980	-21.899
4027.070	1.980	-21.680
4027.080	1.980	-21.533
4027.090	1.950	-21.533
4027.100	1.950	-21.696
4027.110	1.950	-21.476
4027.120	1.910	-21.483
4027.130	1.910	-21.043
4027.140	1.910	-21.336
4027.150	1.910	-21.117
4027.160	1.910	-20.970
4027.170	1.910	-20.897
4027.180	1.890	-20.970
4027.190	1.890	-20.897
4027.200	1.890	-20.514
4027.210	1.860	-20.588
4027.220	1.860	-20.068
4027.230	1.860	-20.068
4027.240	1.790	-19.995
4027.250	1.790	-19.775
4027.260	1.790	-19.775
4027.270	1.700	-19.263
4027.280	1.700	-18.896
4027.290	1.700	-18.750
4027.300	1.630	-18.530
4027.310	1.630	-18.018
4027.320	1.630	-18.091
4027.330	1.600	-18.018
4027.340	1.600	-18.001
4027.350	1.600	-17.269
4027.360	1.550	-17.269
4027.370	1.550	-17.489
4027.380	1.550	-16.756
4027.390	1.470	-16.756
4027.400	1.470	-16.756
4027.410	1.470	-16.390
4027.420	1.400	-16.170
4027.430	1.400	-15.804
4027.440	1.400	-15.015
4027.450	1.330	-15.088
4027.460	1.330	-14.868
4027.470	1.330	-14.575
4027.480	1.270	-14.522
4027.490	1.270	-14.082
4027.500	1.270	-13.863
4027.510	1.230	-13.643
4027.520	1.230	-13.643
4027.530	1.230	-13.277
4027.540	1.130	-13.297
4027.550	1.130	-12.564
4027.560	1.130	-12.052
4027.570	0.930	-11.466
4027.580	0.930	-11.014
4027.590	0.930	-10.648
4027.600	0.720	-9.709
4027.610	0.720	-9.172
4027.620	0.720	-7.561
4027.630	0.570	-7.561
4027.640	0.570	-6.735
4027.650	0.570	-5.490
4027.660	0.360	-5.490
4027.670	0.360	-4.611
4027.680	0.360	-3.797
4027.690	0.070	-2.845
4027.700	0.070	-1.953
4027.710	0.070	-1.099
4027.720	-0.190	-0.220
4027.730	-0.190	0.659
4027.740	-0.190	1.465
4027.750	-0.380	2.197
4027.760	-0.380	3.825
4027.770	-0.380	3.825
4027.780	-0.530	4.424
4027.790	-0.530	5.083
4027.800	-0.530	5.742
4027.810	-0.680	6.109
4027.820	-0.680	6.768
4027.830	-0.680	7.500
4027.840	-0.870	8.306
4027.850	-0.870	8.892
4027.860	-0.870	9.974
4027.870	-1.020	9.974
4027.880	-1.020	11.060
4027.890	-1.020	11.572
4027.900	-1.120	12.085
4027.910	-1.120	12.085
4027.920	-1.120	12.378
4027.930	-1.190	12.378
4027.940	-1.190	12.817
4027.950	-1.190	13.330
4027.960	-1.250	13.330
4027.970	-1.250	13.623
4027.980	-1.250	13.770
4027.990	-1.340	14.069
4028.000	-1.340	14.289
4028.010	-1.340	14.582
4028.020	-1.420	14.655
4028.030	-1.420	15.510
4028.040	-1.420	15.583
4028.050	-1.450	15.523
4028.060	-1.450	16.036
4028.070	-1.450	15.962
4028.080	-1.480	15.962
4028.090	-1.480	16.599
4028.100	-1.480	16.818
4028.110	-1.540	16.818
4028.120	-1.540	17.038
4028.130	-1.540	17.062
4028.140	-1.640	17.062
4028.150	-1.640	17.562
4028.160	-1.640	17.562
4028.170	-1.620	17.562
4028.180	-1.620	18.001
4028.190	-1.620	17.871
4028.200	-1.650	17.871
4028.210	-1.650	17.871
4028.220	-1.650	18.237
4028.230	-1.660	18.237
4028.240	-1.660	18.091
4028.250	-1.660	18.091
4028.260	-1.650	18.217
4028.270	-1.650	18.291
4028.280	-1.650	18.364
4028.290	-1.680	18.217
4028.300	-1.680	18.575
4028.310	-1.680	18.795
4028.320	-1.750	18.815
4028.330	-1.750	18.962
4028.340	-1.750	19.401
4028.350	-1.840	19.694
4028.360	-1.840	20.227
4028.370	-1.840	20.446
4028.380	-1.900	20.333
4028.390	-1.900	20.846
4028.400	-1.900	20.708
4028.410	-1.960	21.074
4028.420	-1.960	21.355
4028.430	-1.960	21.648
4028.440	-1.940	21.382
4028.450	-1.940	21.382
4028.460	-1.940	21.235
4028.470	-1.880	21.015
4028.480	-1.880	21.348
4028.490	-1.880	20.909
4028.500	-1.820	20.862
4028.510	-1.820	20.496
4028.520	-1.820	20.341
4028.530	-1.780	20.048
4028.540	-1.780	20.071
4028.550	-1.780	19.924
4028.560	-1.760	19.604
4028.570	-1.760	19.678
4028.580	-1.760	19.531
4028.590	-1.760	19.604
4028.600	-1.760	19.358
4028.610	-1.760	19.212
4028.620	-1.690	19.065
4028.630	-1.690	18.919
4028.640	-1.690	18.357
4028.650	-1.540	18.064
4028.660	-1.540	17.944
4028.670	-1.540	17.139
4028.680	-1.390	16.772
4028.690	-1.390	16.260
4028.700	-1.390	15.747
4028.710	-1.260	15.601
4028.720	-1.260	14.795
4028.730	-1.260	14.429
4028.740	-1.240	14.355
4028.750	-1.240	13.989
4028.760	-1.240	13.623
4028.770	-1.140	13.330
4028.780	-1.140	12.524
4028.790	-1.140	12.305
4028.800	-0.930	11.938
4028.810	-0.930	11.353
4028.820	-0.930	10.913
4028.830	-0.770	10.107
4028.840	-0.770	9.928
4028.850	-0.770	9.342
4028.860	-0.700	8.630
4028.870	-0.700	8.337
4028.880	-0.700	7.971
4028.890	-0.520	7.092
4028.900	-0.520	6.506
4028.910	-0.520	5.627
4028.920	-0.250	4.968
4028.930	-0.250	4.309
4028.940	-0.250	3.169
4028.950	-0.010	2.437
4028.960	-0.010	1.758
4028.970	-0.010	1.025
4028.980	0.130	0.293
4028.990	0.130	-0.244
4029.000	0.130	-1.562
4029.010	0.280	-1.562
4029.020	0.280	-2.075
4029.030	0.280	-3.467
4029.040	0.460	-3.467
4029.050	0.460	-4.346
4029.060	0.460	-5.591
4029.070	0.690	-5.591
4029.080	0.690	-6.396
4029.090	0.690	-7.837
4029.100	0.830	-7.837
4029.110	0.830	-8.057
4029.120	0.830	-9.082
4029.130	0.930	-9.082
4029.140	0.930	-9.448
4029.150	0.930	-10.254
4029.160	1.020	-10.254
4029.170	1.020	-10.693
4029.180	1.020	-11.426
4029.190	1.140	-11.426
4029.200	1.140	-11.512
4029.210	1.140	-11.952
4029.220	1.230	-12.538
4029.230	1.230	-12.757
4029.240	1.230	-12.977
4029.250	1.270	-13.343
4029.260	1.270	-13.343
4029.270	1.270	-13.710
4029.280	1.320	-14.076
4029.290	1.320	-14.296
4029.300	1.320	-14.648
4029.310	1.460	-15.308
4029.320	1.460	-15.161
4029.330	1.460	-15.747
4029.340	1.600	-16.260
4029.350	1.600	-16.479
4029.360	1.600	-17.139
4029.370	1.640	-17.139
4029.380	1.640	-17.285
4029.390	1.640	-18.018
4029.400	1.690	-18.311
4029.410	1.690	-18.311
4029.420	1.690	-18.604
4029.430	1.780	-18.823
4029.440	1.780	-19.043
4029.450	1.780	-19.263
4029.460	1.880	-19.702
4029.470	1.880	-20.142
4029.480	1.880	-20.435
4029.490	1.920	-20.508
4029.500	1.920	-20.801
4029.510	1.920	-20.874
4029.520	2.000	-21.606
4029.530	2.000	-21.606
4029.540	2.000	-21.899
4029.550	2.070	-22.046
4029.560	2.070	-22.192
4029.570	2.070	-22.339
4029.580	2.100	-22.559
4029.590	2.100	-22.485
4029.600	2.100	-22.559
4029.610	2.070	-22.925
4029.620	2.070	-22.559
4029.630	2.070	-22.778
4029.640	2.060	-22.632
4029.650	2.060	-22.705
4029.660	2.060	-22.559
4029.670	2.020	-22.559
4029.680	2.020	-22.119
4029.690	2.020	-22.266
4029.700	1.920	-21.826
4029.710	1.920	-21.313
4029.720	1.920	-21.021
4029.730	1.790	-20.654
4029.740	1.790	-20.361
4029.750	1.790	-19.702
4029.760	1.680	-19.263
4029.770	1.680	-18.823
4029.780	1.680	-18.384
4029.790	1.560	-17.798
4029.800	1.560	-17.505
4029.810	1.560	-17.285
4029.820	1.470	-17.065
4029.830	1.470	-16.626
4029.840	1.470	-16.260
4029.850	1.440	-16.333
4029.860	1.440	-16.040
4029.870	1.440	-15.894
4029.880	1.430	-15.820
4029.890	1.430	-15.674
4029.900	1.430	-15.601
4029.910	1.400	-15.454
4029.920	1.400	-15.381
4029.930	1.400	-15.308
4029.940	1.340	-15.088
4029.950	1.340	-14.941
4029.960	1.340	-14.502
4029.970	1.260	-14.282
4029.980	1.260	-13.989
4029.990	1.260	-13.770
4030.000	1.130	-13.184
4030.010	1.130	-12.891
4030.020	1.130	-12.231
4030.030	0.970	-12.012
4030.040	0.970	-11.353
4030.050	0.970	-10.547
4030.060	0.820	-10.474
4030.070	0.820	-9.741
4030.080	0.820	-9.229
4030.090	0.700	-8.862
4030.100	0.700	-8.423
4030.110	0.700	-7.617
4030.120	0.570	-7.251
4030.130	0.570	-6.592
4030.140	0.570	-6.299
4030.150	0.420	-5.859
4030.160	0.420	-5.127
4030.170	0.420	-4.614
4030.180	0.240	-3.955
4030.190	0.240	-3.076
4030.200	0.240	-2.563
4030.210	0.010	-2.131
4030.220	0.010	-1.455
4030.230	0.010	-0.723
4030.240	-0.150	-0.017
4030.250	-0.150	0.642
4030.260	-0.150	1.301
4030.270	-0.270	1.887
4030.280	-0.270	2.367
4030.290	-0.270	2.734
4030.300	-0.420	3.266
4030.310	-0.420	4.005
4030.320	-0.420	4.429
4030.330	-0.520	4.795
4030.340	-0.520	5.505
4030.350	-0.520	5.798
4030.360	-0.630	5.958
4030.370	-0.630	6.397
4030.380	-0.630	6.942
4030.390	-0.730	7.382
4030.400	-0.730	7.875
4030.410	-0.730	7.875
4030.420	-0.830	8.314
4030.430	-0.830	8.949
4030.440	-0.830	8.924
4030.450	-0.900	9.331
4030.460	-0.900	9.537
4030.470	-0.900	10.164
4030.480	-0.960	10.164
4030.490	-0.960	10.676
4030.500	-0.960	11.262
4030.510	-1.050	11.262
4030.520	-1.050	11.482
4030.530	-1.050	12.092
4030.540	-1.180	12.092
4030.550	-1.180	12.492
4030.560	-1.180	13.298
4030.570	-1.310	13.298
4030.580	-1.310	13.843
4030.590	-1.310	14.648
4030.600	-1.390	14.648
4030.610	-1.390	14.868
4030.620	-1.390	15.527
4030.630	-1.450	15.527
4030.640	-1.450	15.747
4030.650	-1.450	16.187
4030.660	-1.500	16.187
4030.670	-1.500	16.326
4030.680	-1.500	16.253
4030.690	-1.550	16.619
4030.700	-1.550	16.912
4030.710	-1.550	16.766
4030.720	-1.590	17.059
4030.730	-1.590	17.132
4030.740	-1.590	17.425
4030.750	-1.630	17.645
4030.760	-1.630	17.425
4030.770	-1.630	17.944
4030.780	-1.680	18.311
4030.790	-1.680	18.311
4030.800	-1.680	18.457
4030.810	-1.720	18.677
4030.820	-1.720	18.823
4030.830	-1.720	19.336
4030.840	-1.800	19.336
4030.850	-1.800	20.223
4030.860	-1.800	20.223
4030.870	-1.860	20.236
4030.880	-1.860	20.236
4030.890	-1.860	20.456
4030.900	-1.920	20.529
4030.910	-1.920	20.969
4030.920	-1.920	21.042
4030.930	-1.970	21.408
4030.940	-1.970	21.262
4030.950	-1.970	21.254
4030.960	-1.970	21.400
4030.970	-1.970	21.606
4030.980	-1.970	21.680
4030.990	-1.950	21.680
4031.000	-1.950	21.680
4031.010	-1.950	21.387
4031.020	-1.880	21.387
4031.030	-1.880	20.947
4031.040	-1.880	20.947
4031.050	-1.810	20.728
4031.060	-1.810	20.581
4031.070	-1.810	20.288
4031.080	-1.790	19.995
4031.090	-1.790	19.995
4031.100	-1.790	19.922
4031.110	-1.770	19.949
4031.120	-1.770	19.729
4031.130	-1.770	19.582
4031.140	-1.730	19.363
4031.150	-1.730	19.346
4031.160	-1.730	19.200
4031.170	-1.660	18.953
4031.180	-1.660	18.514
4031.190	-1.660	18.075
4031.200	-1.520	17.855
4031.210	-1.520	17.389
4031.220	-1.520	17.169
4031.230	-1.390	16.809
4031.240	-1.390	16.077
4031.250	-1.390	15.507
4031.260	-1.210	14.628
4031.270	-1.210	14.281
4031.280	-1.210	13.841
4031.290	-0.990	13.149
4031.300	-0.990	12.416
4031.310	-0.990	11.757
4031.320	-0.850	11.025
4031.330	-0.850	10.278
4031.340	-0.850	9.692
4031.350	-0.690	8.959
4031.360	-0.690	8.520
4031.370	-0.690	7.576
4031.380	-0.480	6.990
4031.390	-0.480	6.331
4031.400	-0.480	5.672
4031.410	-0.310	5.133
4031.420	-0.310	4.425
4031.430	-0.310	3.334
4031.440	-0.120	3.334
4031.450	-0.120	2.529
4031.460	-0.120	0.991
4031.470	0.100	0.991
4031.480	0.100	0.405
4031.490	0.100	-0.954
4031.500	0.250	-0.954
4031.510	0.250	-1.660
4031.520	0.250	-3.296
4031.530	0.430	-3.296
4031.540	0.430	-3.809
4031.550	0.430	-4.834
4031.560	0.590	-4.834
4031.570	0.590	-5.347
4031.580	0.590	-6.665
4031.590	0.720	-6.665
4031.600	0.720	-7.104
4031.610	0.720	-8.203
4031.620	0.900	-8.203
4031.630	0.900	-8.789
4031.640	0.900	-10.107
4031.650	1.060	-10.107
4031.660	1.060	-10.547
4031.670	1.060	-11.646
4031.680	1.170	-11.646
4031.690	1.170	-11.938
4031.700	1.170	-12.598
4031.710	1.230	-12.598
4031.720	1.230	-12.891
4031.730	1.230	-13.550
4031.740	1.240	-13.550
4031.750	1.240	-13.370
4031.760	1.240	-13.663
4031.770	1.300	-13.883
4031.780	1.300	-13.956
4031.790	1.300	-14.102
4031.800	1.390	-14.615
4031.810	1.390	-14.542
4031.820	1.390	-14.908
4031.830	1.430	-15.274
4031.840	1.430	-14.908
4031.850	1.430	-15.527
4031.860	1.460	-15.820
4031.870	1.460	-15.454
4031.880	1.460	-15.894
4031.890	1.460	-16.040
4031.900	1.460	-15.527
4031.910	1.460	-15.894
4031.920	1.450	-16.040
4031.930	1.450	-15.902
4031.940	1.450	-16.195
4031.950	1.500	-16.241
4031.960	1.500	-15.875
4031.970	1.500	-16.518
4031.980	1.520	-16.518
4031.990	1.520	-16.445
4032.000	1.520	-16.811
4032.010	1.530	-16.811
4032.020	1.530	-16.664
4032.030	1.530	-16.949
4032.040	1.550	-16.869
4032.050	1.550	-16.896
4032.060	1.550	-17.335
4032.070	1.600	-17.409
4032.080	1.600	-17.132
4032.090	1.600	-17.205
4032.100	1.640	-17.645
4032.110	1.640	-17.791
4032.120	1.640	-17.571
4032.130	1.650	-17.718
4032.140	1.650	-18.018
4032.150	1.650	-18.091
4032.160	1.660	-18.091
4032.170	1.660	-17.871
4032.180	1.660	-17.944
4032.190	1.620	-18.237
4032.200	1.620	-17.798
4032.210	1.620	-17.578
4032.220	1.610	-18.018
4032.230	1.610	-17.798
4032.240	1.610	-17.871
4032.250	1.640	-17.651
4032.260	1.640	-17.578
4032.270	1.640	-18.018
4032.280	1.650	-18.018
4032.290	1.650	-17.578
4032.300	1.650	-17.798
4032.310	1.630	-18.018
4032.320	1.630	-18.018
4032.330	1.630	-17.798
4032.340	1.640	-17.725
4032.350	1.640	-18.018
4032.360	1.640	-17.871
4032.370	1.620	-17.725
4032.380	1.620	-17.432
4032.390	1.620	-17.505
4032.400	1.550	-17.578
4032.410	1.550	-16.992
4032.420	1.550	-16.699
4032.430	1.430	-16.626
4032.440	1.430	-16.187
4032.450	1.430	-15.674
4032.460	1.310	-15.308
4032.470	1.310	-15.088
4032.480	1.310	-14.648
4032.490	1.230	-14.355
4032.500	1.230	-13.916
4032.510	1.230	-13.550
4032.520	1.200	-13.550
4032.530	1.200	-13.387
4032.540	1.200	-13.607
4032.550	1.210	-13.214
4032.560	1.210	-13.287
4032.570	1.210	-13.067
4032.580	1.210	-13.287
4032.590	1.210	-12.994
4032.600	1.210	-12.774
4032.610	1.130	-12.848
4032.620	1.130	-12.595
4032.630	1.130	-12.172
4032.640	1.000	-11.560
4032.650	1.000	-11.367
4032.660	1.000	-11.074
4032.670	0.870	-10.561
4032.680	0.870	-9.894
4032.690	0.870	-9.747
4032.700	0.770	-9.308
4032.710	0.770	-8.648
4032.720	0.770	-8.315
4032.730	0.690	-8.095
4032.740	0.690	-7.463
4032.750	0.690	-6.950
4032.760	0.460	-6.144
4032.770	0.460	-5.583
4032.780	0.460	-5.225
4032.790	0.260	-4.472
4032.800	0.260	-3.813
4032.810	0.260	-3.300
4032.820	0.120	-2.495
4032.830	0.120	-1.835
4032.840	0.120	-1.323
4032.850	-0.040	-0.830
4032.860	-0.040	-0.317
4032.870	-0.040	0.146
4032.880	-0.170	0.732
4032.890	-0.170	1.176
4032.900	-0.170	1.543
4032.910	-0.270	2.082
4032.920	-0.270	2.741
4032.930	-0.270	3.400
4032.940	-0.430	3.766
4032.950	-0.430	4.299
4032.960	-0.430	4.885
4032.970	-0.590	5.251
4032.980	-0.590	5.544
4032.990	-0.590	6.325
4033.000	-0.680	6.838
4033.010	-0.680	7.104
4033.020	-0.680	7.397
4033.030	-0.730	7.397
4033.040	-0.730	7.690
4033.050	-0.730	7.983
4033.060	-0.750	7.983
4033.070	-0.750	8.805
4033.080	-0.750	8.586
4033.090	-0.810	8.586
4033.100	-0.810	9.245
4033.110	-0.810	9.538
4033.120	-0.910	9.538
4033.130	-0.910	9.757
4033.140	-0.910	10.283
4033.150	-1.020	10.357
4033.160	-1.020	10.869
4033.170	-1.020	10.723
4033.180	-1.080	11.293
4033.190	-1.080	11.586
4033.200	-1.080	11.732
4033.210	-1.130	11.952
4033.220	-1.130	12.172
4033.230	-1.130	12.757
4033.240	-1.190	12.598
4033.250	-1.190	13.110
4033.260	-1.190	13.110
4033.270	-1.280	13.623
4033.280	-1.280	13.770
4033.290	-1.280	14.136
4033.300	-1.330	14.282
4033.310	-1.330	14.795
4033.320	-1.330	14.795
4033.330	-1.410	14.941
4033.340	-1.410	15.723
4033.350	-1.410	15.723
4033.360	-1.470	15.803
4033.370	-1.470	16.169
4033.380	-1.470	16.169
4033.390	-1.500	16.169
4033.400	-1.500	16.665
4033.410	-1.500	16.738
4033.420	-1.510	16.738
4033.430	-1.510	16.885
4033.440	-1.510	16.690
4033.450	-1.570	16.983
4033.460	-1.570	17.619
4033.470	-1.570	17.326
4033.480	-1.630	17.579
4033.490	-1.630	17.872
4033.500	-1.630	17.668
4033.510	-1.640	17.742
4033.520	-1.640	17.961
4033.530	-1.640	18.401
4033.540	-1.640	18.441
4033.550	-1.640	18.221
4033.560	-1.640	18.091
4033.570	-1.690	18.311
4033.580	-1.690	18.790
4033.590	-1.690	18.790
4033.600	-1.670	18.490
4033.610	-1.670	18.490
4033.620	-1.670	18.564
4033.630	-1.630	18.271
4033.640	-1.630	18.231
4033.650	-1.630	18.084
4033.660	-1.610	18.231
4033.670	-1.610	18.231
4033.680	-1.610	17.718
4033.690	-1.600	17.498
4033.700	-1.600	17.651
4033.710	-1.600	17.725
4033.720	-1.550	17.578
4033.730	-1.550	17.139
4033.740	-1.550	17.212
4033.750	-1.510	17.285
4033.760	-1.510	16.626
4033.770	-1.510	16.626
4033.780	-1.460	16.626
4033.790	-1.460	16.187
4033.800	-1.460	16.260
4033.810	-1.410	15.894
4033.820	-1.410	15.601
4033.830	-1.410	15.894
4033.840	-1.380	15.674
4033.850	-1.380	15.308
4033.860	-1.380	15.527
4033.870	-1.360	15.088
4033.880	-1.360	14.868
4033.890	-1.360	15.015
4033.900	-1.280	14.648
4033.910	-1.280	14.575
4033.920	-1.280	14.282
4033.930	-1.220	14.062
4033.940	-1.220	13.696
4033.950	-1.220	13.770
4033.960	-1.180	13.550
4033.970	-1.180	13.615
4033.980	-1.180	13.249
4033.990	-1.190	13.249
4034.000	-1.190	13.395
4034.010	-1.190	13.029
4034.020	-1.170	13.322
4034.030	-1.170	12.882
4034.040	-1.170	13.029
4034.050	-1.090	12.643
4034.060	-1.090	12.423
4034.070	-1.090	11.845
4034.080	-0.990	11.626
4034.090	-0.990	11.577
4034.100	-0.990	11.137
4034.110	-0.900	10.904
4034.120	-0.900	10.392
4034.130	-0.900	10.465
4034.140	-0.870	9.806
4034.150	-0.870	9.687
4034.160	-0.870	9.181
4034.170	-0.700	8.815
4034.180	-0.700	7.936
4034.190	-0.700	7.399
4034.200	-0.480	6.667
4034.210	-0.480	6.289
4034.220	-0.480	5.777
4034.230	-0.290	4.738
4034.240	-0.290	4.079
4034.250	-0.290	3.265
4034.260	-0.080	2.599
4034.270	-0.080	2.013
4034.280	-0.080	1.427
4034.290	0.130	0.695
4034.300	0.130	-0.241
4034.310	0.130	-1.096
4034.320	0.270	-1.788
4034.330	0.270	-2.361
4034.340	0.270	-3.166
4034.350	0.520	-3.972
4034.360	0.520	-4.705
4034.370	0.520	-5.583
4034.380	0.700	-6.163
4034.390	0.700	-6.602
4034.400	0.700	-7.131
4034.410	0.810	-7.644
4034.420	0.810	-8.546
4034.430	0.810	-9.059
4034.440	0.930	-9.325
4034.450	0.930	-9.692
4034.460	0.930	-10.204
4034.470	1.030	-10.424
4034.480	1.030	-10.927
4034.490	1.030	-11.440
4034.500	1.120	-11.739
4034.510	1.120	-11.959
4034.520	1.120	-12.195
4034.530	1.230	-12.708
4034.540	1.230	-13.174
4034.550	1.230	-13.687
4034.560	1.350	-13.906
4034.570	1.350	-14.370
4034.580	1.350	-14.753
4034.590	1.460	-15.172
4034.600	1.460	-15.166
4034.610	1.460	-15.752
4034.620	1.490	-16.044
4034.630	1.490	-15.971
4034.640	1.490	-16.337
4034.650	1.530	-16.630
4034.660	1.530	-17.037
4034.670	1.530	-17.086
4034.680	1.640	-17.066
4034.690	1.640	-17.306
4034.700	1.640	-18.038
4034.710	1.720	-18.258
4034.720	1.720	-18.258
4034.730	1.720	-18.697
4034.740	1.780	-18.844
4034.750	1.780	-19.226
4034.760	1.780	-19.219
4034.770	1.810	-19.658
4034.780	1.810	-19.825
4034.790	1.810	-19.971
4034.800	1.850	-19.898
4034.810	1.850	-20.045
4034.820	1.850	-20.264
4034.830	1.880	-20.557
4034.840	1.880	-20.704
4034.850	1.880	-20.395
4034.860	1.880	-20.654
4034.870	1.880	-20.142
4034.880	1.880	-20.361
4034.890	1.840	-20.361
4034.900	1.840	-20.215
4034.910	1.840	-20.215
4034.920	1.800	-20.142
4034.930	1.800	-19.995
4034.940	1.800	-19.629
4034.950	1.770	-19.629
4034.960	1.770	-19.482
4034.970	1.770	-19.775
4034.980	1.800	-19.849
4034.990	1.800	-19.482
4035.000	1.800	-19.482
4035.010	1.790	-19.336
4035.020	1.790	-19.263
4035.030	1.790	-19.263
4035.040	1.720	-19.189
4035.050	1.720	-18.896
4035.060	1.720	-18.823
4035.070	1.670	-18.677
4035.080	1.670	-18.384
4035.090	1.670	-18.237
4035.100	1.630	-18.164
4035.110	1.630	-18.091
4035.120	1.630	-17.651
4035.130	1.570	-17.358
4035.140	1.570	-17.505
4035.150	1.570	-17.285
4035.160	1.510	-16.992
4035.170	1.510	-16.772
4035.180	1.510	-16.553
4035.190	1.480	-16.479
4035.200	1.480	-16.333
4035.210	1.480	-15.967
4035.220	1.420	-15.894
4035.230	1.420	-15.820
4035.240	1.420	-15.161
4035.250	1.340	-15.161
4035.260	1.340	-15.088
4035.270	1.340	-14.648
4035.280	1.300	-14.648
4035.290	1.300	-14.575
4035.300	1.300	-14.136
4035.310	1.280	-14.062
4035.320	1.280	-13.770
4035.330	1.280	-13.623
4035.340	1.170	-13.509
4035.350	1.170	-13.036
4035.360	1.170	-12.450
4035.370	1.040	-12.377
4035.380	1.040	-11.645
4035.390	1.040	-10.912
4035.400	0.870	-10.473
4035.410	0.870	-9.976
4035.420	0.870	-8.731
4035.430	0.700	-8.731
4035.440	0.700	-8.406
4035.450	0.700	-7.048
4035.460	0.540	-7.048
4035.470	0.540	-6.169
4035.480	0.540	-4.850
4035.490	0.290	-4.850
4035.500	0.290	-4.045
4035.510	0.290	-3.149
4035.520	0.030	-2.430
4035.530	0.030	-1.551
4035.540	0.030	-0.599
4035.550	-0.150	0.060
4035.560	-0.150	0.841
4035.570	-0.150	1.727
4035.580	-0.330	2.386
4035.590	-0.330	3.029
4035.600	-0.330	3.761
4035.610	-0.520	4.494
4035.620	-0.520	4.946
4035.630	-0.520	5.532
4035.640	-0.660	6.411
4035.650	-0.660	7.013
4035.660	-0.660	7.551
4035.670	-0.810	7.750
4035.680	-0.810	8.117
4035.690	-0.810	8.865
4035.700	-0.920	9.085
4035.710	-0.920	9.524
4035.720	-0.920	9.817
4035.730	-0.960	10.477
4035.740	-0.960	10.517
4035.750	-0.960	10.940
4035.760	-1.040	10.914
4035.770	-1.040	11.586
4035.780	-1.040	12.026
4035.790	-1.170	12.026
4035.800	-1.170	12.783
4035.810	-1.170	13.002
4035.820	-1.290	13.522
4035.830	-1.290	13.741
4035.840	-1.290	14.067
4035.850	-1.380	14.360
4035.860	-1.380	15.233
4035.870	-1.380	15.233
4035.880	-1.450	15.446
4035.890	-1.450	15.959
4035.900	-1.450	15.934
4035.910	-1.500	16.081
4035.920	-1.500	16.514
4035.930	-1.500	16.733
4035.940	-1.560	16.953
4035.950	-1.560	17.173
4035.960	-1.560	17.132
4035.970	-1.630	17.645
4035.980	-1.630	17.944
4035.990	-1.630	17.725
4036.000	-1.690	18.164
4036.010	-1.690	18.384
4036.020	-1.690	18.604
4036.030	-1.730	18.750
4036.040	-1.730	18.823
4036.050	-1.730	18.970
4036.060	-1.750	19.043
4036.070	-1.750	19.043
4036.080	-1.750	19.116
4036.090	-1.760	19.556
4036.100	-1.760	19.409
4036.110	-1.760	19.336
4036.120	-1.760	19.409
4036.130	-1.760	19.336
4036.140	-1.760	19.702
4036.150	-1.770	19.775
4036.160	-1.770	19.775
4036.170	-1.770	19.775
4036.180	-1.820	19.775
4036.190	-1.820	19.922
4036.200	-1.820	19.922
4036.210	-1.870	20.508
4036.220	-1.870	20.435
4036.230	-1.870	20.654
4036.240	-1.870	20.654
4036.250	-1.870	20.361
4036.260	-1.870	20.435
4036.270	-1.830	20.288
4036.280	-1.830	20.508
4036.290	-1.830	20.215
4036.300	-1.750	20.215
4036.310	-1.750	19.629
4036.320	-1.750	19.336
4036.330	-1.710	19.263
4036.340	-1.710	18.896
4036.350	-1.710	18.750
4036.360	-1.630	18.530
4036.370	-1.630	18.311
4036.380	-1.630	18.018
4036.390	-1.550	17.798
4036.400	-1.550	17.285
4036.410	-1.550	17.432
4036.420	-1.500	17.358
4036.430	-1.500	16.699
4036.440	-1.500	16.699
4036.450	-1.480	16.846
4036.460	-1.480	16.333
4036.470	-1.480	16.260
4036.480	-1.420	15.894
4036.490	-1.420	15.454
4036.500	-1.420	15.454
4036.510	-1.270	14.868
4036.520	-1.270	14.575
4036.530	-1.270	14.136
4036.540	-1.130	13.843
4036.550	-1.130	13.110
4036.560	-1.130	13.257
4036.570	-1.100	12.671
4036.580	-1.100	12.671
4036.590	-1.100	12.451
4036.600	-1.090	12.231
4036.610	-1.090	11.792
4036.620	-1.090	11.719
4036.630	-1.000	11.646
4036.640	-1.000	11.401
4036.650	-1.000	10.596
4036.660	-0.890	10.669
4036.670	-0.890	10.669
4036.680	-0.890	9.570
4036.690	-0.770	9.058
4036.700	-0.770	8.765
4036.710	-0.770	7.812
4036.720	-0.590	7.812
4036.730	-0.590	7.227
4036.740	-0.590	6.006
4036.750	-0.400	6.006
4036.760	-0.400	5.493
4036.770	-0.400	3.882
4036.780	-0.220	3.882
4036.790	-0.220	3.223
4036.800	-0.220	1.758
4036.810	-0.010	1.758
4036.820	-0.010	1.099
4036.830	-0.010	-0.366
4036.840	0.170	-0.366
4036.850	0.170	-1.099
4036.860	0.170	-2.344
4036.870	0.360	-2.344
4036.880	0.360	-3.076
4036.890	0.360	-3.735
4036.900	0.550	-4.328
4036.910	0.550	-5.134
4036.920	0.550	-5.720
4036.930	0.720	-6.086
4036.940	0.720	-6.940
4036.950	0.720	-7.453
4036.960	0.840	-8.225
4036.970	0.840	-8.665
4036.980	0.840	-9.031
4036.990	0.950	-9.544
4037.000	0.950	-10.099
4037.010	0.950	-10.392
4037.020	1.040	-10.578
4037.030	1.040	-11.091
4037.040	1.040	-11.188
4037.050	1.100	-11.481
4037.060	1.100	-11.808
4037.070	1.100	-12.100
4037.080	1.200	-12.686
4037.090	1.200	-12.979
4037.100	1.200	-13.297
4037.110	1.340	-13.650
4037.120	1.340	-13.829
4037.130	1.340	-14.196
4037.140	1.410	-14.635
4037.150	1.410	-14.928
4037.160	1.410	-15.221
4037.170	1.440	-15.641
4037.180	1.440	-15.494
4037.190	1.440	-15.714
4037.200	1.520	-16.080
4037.210	1.520	-16.354
4037.220	1.520	-16.793
4037.230	1.580	-16.713
4037.240	1.580	-16.713
4037.250	1.580	-17.079
4037.260	1.570	-17.148
4037.270	1.570	-17.148
4037.280	1.570	-17.514
4037.290	1.580	-17.514
4037.300	1.580	-17.368
4037.310	1.580	-17.620
4037.320	1.630	-17.620
4037.330	1.630	-18.066
4037.340	1.630	-17.993
4037.350	1.690	-17.993
4037.360	1.690	-18.433
4037.370	1.690	-18.530
4037.380	1.700	-18.530
4037.390	1.700	-18.530
4037.400	1.700	-18.677
4037.410	1.700	-18.677
4037.420	1.700	-18.677
4037.430	1.700	-18.597
4037.440	1.700	-18.597
4037.450	1.700	-18.808
4037.460	1.700	-18.735
4037.470	1.710	-18.735
4037.480	1.710	-18.808
4037.490	1.710	-18.882
4037.500	1.740	-18.882
4037.510	1.740	-18.882
4037.520	1.740	-18.955
4037.530	1.740	-18.842
4037.540	1.740	-19.068
4037.550	1.740	-18.783
4037.560	1.720	-18.710
4037.570	1.720	-18.840
4037.580	1.720	-18.767
4037.590	1.690	-18.614
4037.600	1.690	-18.394
4037.610	1.690	-18.394
4037.620	1.650	-18.248
4037.630	1.650	-18.336
4037.640	1.650	-18.117
4037.650	1.620	-17.884
4037.660	1.620	-17.957
4037.670	1.620	-17.241
4037.680	1.540	-16.875
4037.690	1.540	-17.215
4037.700	1.540	-16.775
4037.710	1.420	-16.336
4037.720	1.420	-16.189
4037.730	1.420	-15.408
4037.740	1.350	-15.481
4037.750	1.350	-15.511
4037.760	1.350	-14.925
4037.770	1.340	-15.072
4037.780	1.340	-14.779
4037.790	1.340	-14.372
4037.800	1.310	-14.445
4037.810	1.310	-14.225
4037.820	1.310	-14.006
4037.830	1.220	-13.859
4037.840	1.220	-13.550
4037.850	1.220	-13.094
4037.860	1.120	-13.107
4037.870	1.120	-12.595
4037.880	1.120	-12.521
4037.890	1.090	-12.082
4037.900	1.090	-12.147
4037.910	1.090	-11.854
4037.920	1.010	-11.255
4037.930	1.010	-11.255
4037.940	1.010	-10.905
4037.950	0.920	-10.905
4037.960	0.920	-10.306
4037.970	0.920	-10.232
4037.980	0.870	-9.939
4037.990	0.870	-9.647
4038.000	0.870	-9.288
4038.010	0.810	-8.995
4038.020	0.810	-8.569
4038.030	0.810	-8.057
4038.040	0.640	-7.764
4038.050	0.640	-7.031
4038.060	0.640	-6.592
4038.070	0.430	-5.933
4038.080	0.430	-5.127
4038.090	0.430	-4.468
4038.100	0.190	-3.442
4038.110	0.190	-2.783
4038.120	0.190	-2.344
4038.130	0.000	-1.758
4038.140	0.000	-0.879
4038.150	0.000	-0.293
4038.160	-0.130	0.293
4038.170	-0.130	0.806
4038.180	-0.130	1.465
4038.190	-0.260	2.051
4038.200	-0.260	2.490
4038.210	-0.260	2.930
4038.220	-0.440	3.589
4038.230	-0.440	4.395
4038.240	-0.440	4.834
4038.250	-0.600	5.493
4038.260	-0.600	6.079
4038.270	-0.600	6.445
4038.280	-0.720	7.031
4038.290	-0.720	7.471
4038.300	-0.720	8.057
4038.310	-0.870	8.789
4038.320	-0.870	8.936
4038.330	-0.870	9.448
4038.340	-0.980	9.888
4038.350	-0.980	10.327
4038.360	-0.980	10.474
4038.370	-1.060	11.353
4038.380	-1.060	11.426
4038.390	-1.060	12.150
4038.400	-1.140	12.150
4038.410	-1.140	12.297
4038.420	-1.140	12.663
4038.430	-1.200	12.663
4038.440	-1.200	13.249
4038.450	-1.200	13.688
4038.460	-1.270	13.688
4038.470	-1.270	13.835
4038.480	-1.270	14.062
4038.490	-1.330	14.062
4038.500	-1.330	14.355
4038.510	-1.330	14.575
4038.520	-1.340	14.575
4038.530	-1.340	15.088
4038.540	-1.340	15.015
4038.550	-1.380	15.015
4038.560	-1.380	15.381
4038.570	-1.380	15.234
4038.580	-1.420	15.527
4038.590	-1.420	15.674
4038.600	-1.420	15.527
4038.610	-1.430	15.594
4038.620	-1.430	15.740
4038.630	-1.430	15.594
4038.640	-1.430	15.667
4038.650	-1.430	15.928
4038.660	-1.430	15.781
4038.670	-1.440	15.708
4038.680	-1.440	15.854
4038.690	-1.440	15.781
4038.700	-1.450	15.781
4038.710	-1.450	16.203
4038.720	-1.450	15.983
4038.730	-1.440	15.916
4038.740	-1.440	16.136
4038.750	-1.440	15.803
4038.760	-1.420	15.729
4038.770	-1.420	16.136
4038.780	-1.420	15.916
4038.790	-1.420	15.843
4038.800	-1.420	16.136
4038.810	-1.420	15.721
4038.820	-1.430	15.721
4038.830	-1.430	16.081
4038.840	-1.430	15.934
4038.850	-1.450	15.934
4038.860	-1.450	16.274
4038.870	-1.450	16.160
4038.880	-1.510	16.160
4038.890	-1.510	16.648
4038.900	-1.510	16.721
4038.910	-1.570	16.841
4038.920	-1.570	17.207
4038.930	-1.570	16.841
4038.940	-1.570	16.988
4038.950	-1.570	17.549
4038.960	-1.570	17.283
4038.970	-1.540	17.256
4038.980	-1.540	17.403
4038.990	-1.540	17.061
4039.000	-1.520	16.841
4039.010	-1.520	16.982
4039.020	-1.520	17.055
4039.030	-1.520	17.122
4039.040	-1.520	16.755
4039.050	-1.520	16.633
4039.060	-1.520	16.853
4039.070	-1.520	16.750
4039.080	-1.520	16.896
4039.090	-1.500	16.896
4039.100	-1.500	16.603
4039.110	-1.500	16.123
4039.120	-1.430	16.123
4039.130	-1.430	15.910
4039.140	-1.430	15.617
4039.150	-1.340	15.617
4039.160	-1.340	15.324
4039.170	-1.340	14.575
4039.180	-1.280	14.575
4039.190	-1.280	14.502
4039.200	-1.280	14.282
4039.210	-1.240	14.282
4039.220	-1.240	14.282
4039.230	-1.240	14.062
4039.240	-1.260	14.062
4039.250	-1.260	13.916
4039.260	-1.260	13.843
4039.270	-1.260	13.843
4039.280	-1.260	13.843
4039.290	-1.260	13.477
4039.300	-1.170	13.477
4039.310	-1.170	13.184
4039.320	-1.170	12.744
4039.330	-1.070	12.744
4039.340	-1.070	12.012
4039.350	-1.070	11.646
4039.360	-0.920	11.319
4039.370	-0.920	10.514
4039.380	-0.920	9.928
4039.390	-0.690	9.268
4039.400	-0.690	8.731
4039.410	-0.690	7.779
4039.420	-0.500	7.087
4039.430	-0.500	6.354
4039.440	-0.500	5.606
4039.450	-0.390	5.606
4039.460	-0.390	4.760
4039.470	-0.390	3.808
4039.480	-0.270	3.808
4039.490	-0.270	3.222
4039.500	-0.270	2.294
4039.510	-0.050	1.815
4039.520	-0.050	1.815
4039.530	-0.050	0.366
4039.540	0.140	0.366
4039.550	0.140	-0.439
4039.560	0.140	-0.992
4039.570	0.240	-1.651
4039.580	0.240	-2.017
4039.590	0.240	-2.457
4039.600	0.340	-2.823
4039.610	0.340	-3.409
4039.620	0.340	-3.922
4039.630	0.500	-4.288
4039.640	0.500	-4.801
4039.650	0.500	-5.460
4039.660	0.650	-5.786
4039.670	0.650	-6.079
4039.680	0.650	-6.738
4039.690	0.730	-7.104
4039.700	0.730	-7.764
4039.710	0.730	-7.983
4039.720	0.800	-8.130
4039.730	0.800	-8.643
4039.740	0.800	-8.789
4039.750	0.910	-9.155
4039.760	0.910	-9.375
4039.770	0.910	-9.888
4039.780	1.000	-10.034
4039.790	1.000	-10.547
4039.800	1.000	-10.620
4039.810	1.070	-10.986
4039.820	1.070	-11.279
4039.830	1.070	-11.646
4039.840	1.100	-11.865
4039.850	1.100	-11.938
4039.860	1.100	-12.231
4039.870	1.180	-12.524
4039.880	1.180	-12.598
4039.890	1.180	-12.817
4039.900	1.270	-13.403
4039.910	1.270	-13.330
4039.920	1.270	-13.696
4039.930	1.310	-13.843
4039.940	1.310	-13.989
4039.950	1.310	-14.136
4039.960	1.340	-14.502
4039.970	1.340	-14.429
4039.980	1.340	-14.868
4039.990	1.400	-14.941
4040.000	1.400	-14.722
4040.010	1.400	-15.161
4040.020	1.410	-15.234
4040.030	1.410	-15.161
4040.040	1.410	-15.454
4040.050	1.400	-15.308
4040.060	1.400	-15.308
4040.070	1.400	-15.381
4040.080	1.400	-15.234
4040.090	1.400	-15.308
4040.100	1.400	-15.308
4040.110	1.390	-15.088
4040.120	1.390	-15.161
4040.130	1.390	-14.868
4040.140	1.350	-14.868
4040.150	1.350	-15.088
4040.160	1.350	-14.722
4040.170	1.330	-14.795
4040.180	1.330	-15.015
4040.190	1.330	-14.575
4040.200	1.360	-14.795
4040.210	1.360	-15.015
4040.220	1.360	-14.722
4040.230	1.380	-15.088
4040.240	1.380	-15.234
4040.250	1.380	-14.868
4040.260	1.400	-15.381
4040.270	1.400	-15.560
4040.280	1.400	-15.340
4040.290	1.440	-15.766
4040.300	1.440	-15.693
4040.310	1.440	-15.547
4040.320	1.480	-15.986
4040.330	1.480	-16.409
4040.340	1.480	-16.263
4040.350	1.540	-16.542
4040.360	1.540	-16.689
4040.370	1.540	-16.583
4040.380	1.590	-16.876
4040.390	1.590	-17.068
4040.400	1.590	-17.288
4040.410	1.600	-17.554
4040.420	1.600	-17.188
4040.430	1.600	-16.985
4040.440	1.590	-17.351
4040.450	1.590	-17.291
4040.460	1.590	-17.071
4040.470	1.550	-17.218
4040.480	1.550	-17.071
4040.490	1.550	-16.966
4040.500	1.540	-16.819
4040.510	1.540	-16.919
4040.520	1.540	-17.358
4040.530	1.580	-16.992
4040.540	1.580	-16.846
4040.550	1.580	-17.212
4040.560	1.580	-17.212
4040.570	1.580	-16.846
4040.580	1.580	-16.919
4040.590	1.490	-16.699
4040.600	1.490	-16.406
4040.610	1.490	-16.260
4040.620	1.370	-15.527
4040.630	1.370	-15.454
4040.640	1.370	-14.722
4040.650	1.210	-14.062
4040.660	1.210	-13.110
4040.670	1.210	-12.524
4040.680	0.910	-11.572
4040.690	0.910	-10.693
4040.700	0.910	-9.888
4040.710	0.630	-8.936
4040.720	0.630	-8.350
4040.730	0.630	-7.324
4040.740	0.490	-6.665
4040.750	0.490	-5.786
4040.760	0.490	-5.566
4040.770	0.390	-5.054
4040.780	0.390	-4.614
4040.790	0.390	-4.248
4040.800	0.280	-3.809
4040.810	0.280	-3.296
4040.820	0.280	-2.930
4040.830	0.200	-2.783
4040.840	0.200	-2.637
4040.850	0.200	-2.490
4040.860	0.180	-2.271
4040.870	0.180	-2.124
4040.880	0.180	-2.051
4040.890	0.170	-1.978
4040.900	0.170	-1.994
4040.910	0.170	-1.847
4040.920	0.150	-1.834
4040.930	0.150	-1.688
4040.940	0.150	-1.541
4040.950	0.130	-1.468
4040.960	0.130	-1.329
4040.970	0.130	-1.183
4040.980	0.110	-1.030
4040.990	0.110	-0.957
4041.000	0.110	-0.867
4041.010	0.100	-0.867
4041.020	0.100	-0.815
4041.030	0.100	-0.815
4041.040	0.080	-0.742
4041.050	0.080	-0.669
4041.060	0.080	-0.661
4041.070	0.070	-0.661
4041.080	0.070	-0.675
4041.090	0.070	-0.602
4041.100	0.050	-0.596
4041.110	0.050	-0.522
4041.120	0.050	-0.441
4041.130	0.030	-0.441
4041.140	0.030	-0.441
4041.150	0.030	-0.368
4041.160	0.020	-0.294
4041.170	0.020	-0.221
4041.180	0.020	-0.140
4041.190	0.010	-0.140
4041.200	0.010	-0.073
4041.210	0.010	0.000
4041.220	-0.010	0.000
4041.230	-0.010	0.155
4041.240	-0.010	0.155
4041.250	-0.020	0.221
4041.260	-0.020	0.294
4041.270	-0.020	0.368
4041.280	-0.030	0.368
4041.290	-0.030	0.441
4041.300	-0.030	0.522
4041.310	-0.040	0.516
4041.320	-0.040	0.516
4041.330	-0.040	0.508
4041.340	-0.050	0.581
4041.350	-0.050	0.596
4041.360	-0.050	0.596
4041.370	-0.050	0.522
4041.380	-0.050	0.596
4041.390	-0.050	0.596
4041.400	-0.060	0.587
4041.410	-0.060	0.602
4041.420	-0.060	0.675
4041.430	-0.070	0.669
4041.440	-0.070	0.669
4041.450	-0.070	0.661
4041.460	-0.080	0.734
4041.470	-0.080	0.815
4041.480	-0.080	0.889
4041.490	-0.080	0.882
4041.500	-0.080	0.955
4041.510	-0.080	1.093
4041.520	-0.090	1.167
4041.530	-0.090	1.263
4041.540	-0.090	1.336
4041.550	-0.100	1.396
4041.560	-0.100	1.396
4041.570	-0.100	1.388
4041.580	-0.100	1.388
4041.590	-0.100	1.484
4041.600	-0.100	1.411
4041.610	-0.110	1.324
4041.620	-0.110	1.324
4041.630	-0.110	1.235
4041.640	-0.120	1.235
4041.650	-0.120	1.346
4041.660	-0.120	1.346
4041.670	-0.120	1.472
4041.680	-0.120	1.545
4041.690	-0.120	1.529
4041.700	-0.130	1.602
4041.710	-0.130	1.713
4041.720	-0.130	1.640
4041.730	-0.140	1.700
4041.740	-0.140	1.700
4041.750	-0.140	1.619
4041.760	-0.150	1.619
4041.770	-0.150	1.565
4041.780	-0.150	1.577
4041.790	-0.150	1.577
4041.800	-0.150	1.577
4041.810	-0.150	1.845
4041.820	-0.160	1.845
4041.830	-0.160	1.932
4041.840	-0.160	2.078
4041.850	-0.160	2.078
4041.860	-0.160	2.062
4041.870	-0.160	2.148
4041.880	-0.160	2.148
4041.890	-0.160	2.051
4041.900	-0.160	1.978
4041.910	-0.160	1.978
4041.920	-0.160	1.904
4041.930	-0.160	1.978
4041.940	-0.160	1.978
4041.950	-0.160	1.978
4041.960	-0.160	1.904
4041.970	-0.160	1.904
4041.980	-0.160	1.904
4041.990	-0.160	1.904
4042.000	-0.160	1.904
4042.010	-0.160	1.831
4042.020	-0.160	1.611
4042.030	-0.150	1.611
4042.040	-0.150	1.538
4042.050	-0.150	1.611
4042.060	-0.150	1.611
4042.070	-0.150	1.758
4042.080	-0.150	1.831
4042.090	-0.150	1.831
4042.100	-0.150	1.831
4042.110	-0.150	1.831
4042.120	-0.140	1.831
4042.130	-0.140	1.831
4042.140	-0.140	1.831
4042.150	-0.130	1.744
4042.160	-0.130	1.598
4042.170	-0.130	1.452
4042.180	-0.130	1.452
4042.190	-0.130	1.468
4042.200	-0.130	1.468
4042.210	-0.120	1.521
4042.220	-0.120	1.521
4042.230	-0.120	1.521
4042.240	-0.120	1.521
4042.250	-0.120	1.551
4042.260	-0.120	1.624
4042.270	-0.120	1.544
4042.280	-0.120	1.471
4042.290	-0.120	1.381
4042.300	-0.120	1.381
4042.310	-0.120	1.263
4042.320	-0.120	1.190
4042.330	-0.110	1.190
4042.340	-0.110	1.190
4042.350	-0.110	1.173
4042.360	-0.120	1.173
4042.370	-0.120	1.400
4042.380	-0.120	1.546
4042.390	-0.120	1.546
4042.400	-0.120	1.546
4042.410	-0.120	1.685
4042.420	-0.120	1.685
4042.430	-0.120	1.758
4042.440	-0.120	1.685
4042.450	-0.130	1.685
4042.460	-0.130	1.685
4042.470	-0.130	1.538
4042.480	-0.130	1.538
4042.490	-0.130	1.465
4042.500	-0.130	1.465
4042.510	-0.130	1.465
4042.520	-0.130	1.538
4042.530	-0.130	1.758
4042.540	-0.140	1.758
4042.550	-0.140	1.758
4042.560	-0.140	1.758
4042.570	-0.140	1.758
4042.580	-0.140	1.758
4042.590	-0.140	1.685
4042.600	-0.140	1.685
4042.610	-0.140	1.611
4042.620	-0.140	1.465
4042.630	-0.150	1.465
4042.640	-0.150	1.445
4042.650	-0.150	1.518
4042.660	-0.150	1.665
4042.670	-0.150	1.762
4042.680	-0.150	1.835
4042.690	-0.150	1.962
4042.700	-0.150	1.962
4042.710	-0.150	1.962
4042.720	-0.160	1.962
4042.730	-0.160	1.978
4042.740	-0.160	1.998
4042.750	-0.150	1.912
4042.760	-0.150	1.765
4042.770	-0.150	1.741
4042.780	-0.150	1.741
4042.790	-0.150	1.785
4042.800	-0.150	1.858
4042.810	-0.150	1.858
4042.820	-0.150	1.932
4042.830	-0.150	1.842
4042.840	-0.150	1.842
4042.850	-0.150	1.782
4042.860	-0.150	1.709
4042.870	-0.150	1.709
4042.880	-0.150	1.636
4042.890	-0.150	1.538
4042.900	-0.150	1.538
4042.910	-0.150	1.611
4042.920	-0.150	1.611
4042.930	-0.140	1.665
4042.940	-0.140	1.738
4042.950	-0.140	1.884
4042.960	-0.140	1.884
4042.970	-0.140	1.901
4042.980	-0.140	1.901
4042.990	-0.140	1.887
4043.000	-0.140	1.814
4043.010	-0.140	1.741
4043.020	-0.140	1.668
4043.030	-0.140	1.712
4043.040	-0.140	1.712
4043.050	-0.140	1.692
4043.060	-0.140	1.765
4043.070	-0.140	1.749
4043.080	-0.140	1.822
4043.090	-0.140	1.852
4043.100	-0.140	1.838
4043.110	-0.150	1.838
4043.120	-0.150	1.773
4043.130	-0.150	1.676
4043.140	-0.150	1.589
4043.150	-0.150	1.536
4043.160	-0.150	1.463
4043.170	-0.150	1.536
4043.180	-0.150	1.560
4043.190	-0.150	1.690
4043.200	-0.160	1.810
4043.210	-0.160	1.897
4043.220	-0.160	1.962
4043.230	-0.160	2.035
4043.240	-0.160	2.065
4043.250	-0.160	2.065
4043.260	-0.170	2.118
4043.270	-0.170	2.045
4043.280	-0.170	2.020
4043.290	-0.170	1.947
4043.300	-0.170	2.006
