41   56.754     
      42   56.754     
      43   166.83     
      44   166.83     
      45   278.16     
      46   278.16     
      47   389.61     
      48   389.61     
      49   389.68     
      50   389.68     
      51   278.37     
      52   278.37     
      53   167.20     
      54   167.20     
      55   57.499     
      56   57.499     
      57   0.0000     
      58   1.1295     
      59   1.4289     
      60   110.62     
      61  0.11197E-001
      62   110.62     
      63 -0.21223     
      64   222.50     
      65  0.19546     
      66   222.50     
      67 -0.12406     
      68   332.93     
      69 -0.38731     
      70   332.93     
      71   2.7436     
      72   450.14     
      73   5.7857     
      74   450.14     
      75   2.7437     
      76   332.79     
      77 -0.38716     
      78   332.79     
      79 -0.12574     
      80   222.22     
      81  0.20278 
82   222.22     
      83 -0.23495     
      84   110.11     
      85  0.63807E-001
      86   110.11     
      87   1.3565     
      88   0.0000     
      89   0.0000     
      90  -1.6376     
      91 -0.38320     
      92  0.36737     
      93 -0.67233E-001
      94 -0.20919     
      95  0.38463     
      96  0.16311     
      97  -4.0432     
      98  -4.1390     
      99  0.25876     
     100  0.28876     
     101 -0.11094     
     102 -0.17583     
     103  0.50810     
     104 -0.59833     
     105  -1.3200     
     106   1.0874     
     107  0.57903E-012
     108   1.4289     
     109  -80.222     
     110  -112.77     
     111   78.201     
     112  0.11197E-001
     113  -112.77     
     114 -0.21223     
     115  -78.217     
     116  -223.15     
     117   78.517     
     118  0.19546     
     119  -223.15     
     120 -0.12406     
     121  -78.793     
     122  -334.98 
123   78.969     
     124 -0.38731     
     125  -334.98     
     126   2.7436     
     127  -78.421     
     128  -440.02     
     129   74.541     
     130  -105.41     
     131  -440.02     
     132   2.7437     
     133   74.537     
     134  -334.84     
     135  -78.418     
     136 -0.38716     
     137  -334.84     
     138 -0.12574     
     139   78.965     
     140  -222.87     
     141  -78.787     
     142  0.20278     
     143  -222.87     
     144 -0.23495     
     145   78.501     
     146  -112.43     
     147  -78.168     
     148  0.63807E-001
     149  -112.43     
     150   1.3565     
     151   78.078     
     152 -0.28273E-015
     153  -79.996     
     154   1.0040     
     155  -54.475     
     156  -53.387     
     157   77.039     
     158   1.4289     
     159  -79.060     
     160  -53.387     
     161  0.11197E-001
     162  -165.86     
     163   79.044
164 -0.21223     
     165  -78.744     
     166  -165.86     
     167  0.19546     
     168  -277.06     
     169   78.467     
     170 -0.12406     
     171  -78.292     
     172  -277.06     
     173 -0.38731     
     174  -388.15     
     175   78.839     
     176   2.7436     
     177  -82.720     
     178  -388.15     
     179   5.7857     
     180  -388.22     
     181  -82.723     
     182   2.7437     
     183   78.843     
     184  -388.22     
     185 -0.38716     
     186  -277.27     
     187  -78.295     
     188 -0.12574     
     189   78.473     
     190  -277.27     
     191  0.20278     
     192  -166.19     
     193  -78.760     
     194 -0.23495     
     195   79.092     
     196  -166.19     
     197  0.63807E-001
     198  -53.630     
     199  -79.182     
     200   1.3565     
     201   77.264     
     202  -53.630     
     203  -54.634     
     204  -1.5378
205  -2.0208     
     206 -0.15835E-001
     207  0.30013     
     208 -0.27642     
     209  0.17545     
     210  0.54774     
     211  -3.8801     
     212  -8.1821     
     213  -3.8802     
     214  0.54753     
     215  0.17782     
     216 -0.28677     
     217  0.33227     
     218 -0.90237E-001
     219  -1.9184     
     220  -1.4199     
     221   1.0874     
     222  -1.5378     
     223 -0.48303     
     224   1.4289     
     225  0.11197E-001
     226  0.46720     
     227 -0.16706     
     228 -0.21223     
     229  0.19546     
     230 -0.10936     
     231  0.28480     
     232 -0.12406     
     233 -0.38731     
     234  0.26294     
     235  -4.1430     
     236   2.7436     
     237   5.7857     
     238  -4.0391     
     239  0.15893     
     240   2.7437     
     241 -0.38716     
     242  0.38859     
     243 -0.21077     
     244 -0.12574     
     245  0.20278
246 -0.75997E-001
     247  0.40827     
     248 -0.23495     
     249  0.63807E-001
     250 -0.49850     
     251  -1.4199     
     252   1.3565     
     253   1.0040