%Time [ms]	Commanded Torque [mNm]	Angular Velocity [RPM]	Actual Current [Amp]	%10/6/20221:41 PM
0.000	0.000	0.000	0.000
20.000	10.000	0.000	0.007
30.000	10.000	0.000	0.007
40.000	10.000	0.000	0.008
50.000	10.000	0.000	0.006
60.000	10.000	0.000	0.007
70.000	10.000	0.000	0.007
80.000	10.000	0.000	0.007
90.000	10.000	0.000	0.007
100.000	10.000	0.000	0.019
110.000	10.000	0.000	0.006
120.000	10.000	0.000	0.008
130.000	10.000	0.000	0.008
140.000	10.000	0.000	0.008
150.000	10.000	0.000	0.007
160.000	10.000	0.000	0.006
170.000	10.000	0.000	0.006
180.000	10.000	0.000	0.003
190.000	10.000	0.000	0.003
200.000	10.000	0.000	0.003
210.000	10.000	0.000	0.004
220.000	10.000	0.000	0.003
230.000	10.000	0.000	0.003
240.000	10.000	0.000	0.003
250.000	10.000	0.000	0.007
260.000	10.000	0.000	0.006
270.000	10.000	0.000	0.004
280.000	10.000	0.000	0.004
290.000	10.000	0.000	0.006
300.000	10.000	0.000	0.006
310.000	10.000	0.000	0.003
320.000	10.000	0.000	0.003
330.000	10.000	0.000	-0.002
340.000	10.000	0.000	0.003
350.000	10.000	0.000	-0.003
360.000	10.000	0.000	0.003
370.000	10.000	0.000	0.001
380.000	10.000	0.000	0.007
390.000	10.000	0.000	0.003
400.000	10.000	0.000	0.004
410.000	10.000	0.000	0.003
420.000	10.000	0.000	0.001
430.000	10.000	0.000	0.002
440.000	10.000	0.000	0.001
450.000	10.000	0.000	0.007
460.000	10.000	0.000	0.006
470.000	10.000	0.000	0.004
480.000	10.000	0.000	0.007
490.000	10.000	0.000	0.004
500.000	10.000	0.000	0.012
510.000	10.000	0.000	0.006
520.000	10.000	0.000	0.003
530.000	10.000	0.000	0.001
540.000	10.000	0.000	0.003
550.000	10.000	0.000	0.001
560.000	10.000	0.000	0.002
570.000	10.000	0.000	0.001
580.000	10.000	0.000	0.002
590.000	10.000	0.000	0.003
600.000	10.000	0.000	0.002
610.000	10.000	0.000	0.004
620.000	10.000	0.000	0.001
630.000	10.000	0.000	0.004
640.000	10.000	0.000	0.004
650.000	10.000	0.000	0.004
660.000	10.000	0.000	0.001
670.000	10.000	0.000	0.003
680.000	10.000	0.000	0.008
690.000	10.000	0.000	0.003
700.000	10.000	0.000	0.006
710.000	10.000	0.000	0.004
720.000	10.000	0.000	0.004
730.000	10.000	0.000	0.006
740.000	10.000	0.000	0.003
750.000	10.000	0.000	0.003
760.000	10.000	0.000	0.006
770.000	10.000	0.000	0.003
780.000	10.000	0.000	0.003
790.000	10.000	0.000	0.006
800.000	10.000	0.000	-0.000
810.000	10.000	0.000	0.004
820.000	10.000	0.000	0.003
830.000	10.000	0.000	0.001
840.000	10.000	0.000	-0.000
850.000	10.000	0.000	-0.003
860.000	10.000	0.000	0.002
870.000	10.000	0.000	0.003
880.000	10.000	0.000	0.003
890.000	10.000	0.000	0.004
900.000	10.000	0.000	0.003
910.000	10.000	0.000	0.001
920.000	10.000	0.000	0.001
930.000	10.000	0.000	0.002
940.000	10.000	0.000	0.001
950.000	10.000	0.000	0.006
960.000	10.000	0.000	0.001
970.000	10.000	0.000	0.002
980.000	10.000	0.000	-0.000
990.000	10.000	0.000	0.003
1000.000	10.000	0.000	0.009
1010.000	10.000	0.000	0.003
1020.000	10.000	0.000	0.006
1030.000	10.000	0.000	0.046
1040.000	10.000	0.000	0.141
1050.000	10.000	0.000	0.208
1060.000	10.000	-0.073	0.258
1070.000	10.000	-0.073	0.300
1080.000	10.000	-0.146	0.323
1090.000	10.000	-0.220	0.344
1100.000	10.000	-0.293	0.358
1110.000	10.000	-0.366	0.368
1120.000	10.000	-0.439	0.375
1130.000	10.000	-0.586	0.382
1140.000	10.000	-0.732	0.385
1150.000	10.000	-0.879	0.389
1160.000	10.000	-0.952	0.389
1170.000	10.000	-1.172	0.391
1180.000	10.000	-1.392	0.382
1190.000	10.000	-1.538	0.393
1200.000	10.000	-1.685	0.397
1210.000	10.000	-1.831	0.394
1220.000	10.000	-1.978	0.395
1230.000	10.000	-2.051	0.394
1240.000	10.000	-2.124	0.394
1250.000	10.000	-2.344	0.396
1260.000	10.000	-2.563	0.395
1270.000	10.000	-2.783	0.395
1280.000	10.000	-2.856	0.396
1290.000	10.000	-2.856	0.396
1300.000	10.000	-2.930	0.393
1310.000	10.000	-3.003	0.396
1320.000	10.000	-3.076	0.396
1330.000	10.000	-3.369	0.396
1340.000	10.000	-3.662	0.397
1350.000	10.000	-3.662	0.394
1360.000	10.000	-3.735	0.393
1370.000	10.000	-3.735	0.396
1380.000	10.000	-3.955	0.394
1390.000	10.000	-4.321	0.397
1400.000	10.000	-4.395	0.399
1410.000	10.000	-4.468	0.396
1420.000	10.000	-4.614	0.399
1430.000	10.000	-4.687	0.397
1440.000	10.000	-4.761	0.397
1450.000	10.000	-4.907	0.395
1460.000	10.000	-4.980	0.397
1470.000	10.000	-5.200	0.396
1480.000	10.000	-5.347	0.396
1490.000	10.000	-5.273	0.397
1500.000	10.000	-5.347	0.396
1510.000	10.000	-5.566	0.394
1520.000	10.000	-5.933	0.399
1530.000	10.000	-5.933	0.393
1540.000	10.000	-5.933	0.399
1550.000	10.000	-6.299	0.396
1560.000	10.000	-6.372	0.395
1570.000	10.000	-6.226	0.396
1580.000	10.000	-6.152	0.393
1590.000	10.000	-6.445	0.401
1600.000	10.000	-6.665	0.394
1610.000	10.000	-6.812	0.396
1620.000	10.000	-6.958	0.395
1630.000	10.000	-6.958	0.394
1640.000	10.000	-7.031	0.395
1650.000	10.000	-7.104	0.397
1660.000	10.000	-7.251	0.401
1670.000	10.000	-7.617	0.395
1680.000	10.000	-7.983	0.397
1690.000	10.000	-7.764	0.396
1700.000	10.000	-7.983	0.397
1710.000	10.000	-8.130	0.397
1720.000	10.000	-7.983	0.396
1730.000	10.000	-8.569	0.397
1740.000	10.000	-8.643	0.397
1750.000	10.000	-8.496	0.391
1760.000	10.000	-8.862	0.396
1770.000	10.000	-8.862	0.399
1780.000	10.000	-9.009	0.395
1790.000	10.000	-9.302	0.396
1800.000	10.000	-9.155	0.395
1810.000	10.000	-9.375	0.395
1820.000	10.000	-9.448	0.395
1830.000	10.000	-9.521	0.395
1840.000	10.000	-9.814	0.396
1850.000	10.000	-9.741	0.393
1860.000	10.000	-9.961	0.394
1870.000	10.000	-9.961	0.394
1880.000	10.000	-9.961	0.397
1890.000	10.000	-9.888	0.395
1900.000	10.000	-10.400	0.396
1910.000	10.000	-10.327	0.397
1920.000	10.000	-10.767	0.401
1930.000	10.000	-10.400	0.396
1940.000	10.000	-10.913	0.396
1950.000	10.000	-10.986	0.406
1960.000	10.000	-11.353	0.396
1970.000	10.000	-11.206	0.400
1980.000	10.000	-11.353	0.394
1990.000	10.000	-11.572	0.397
2000.000	10.000	-11.865	0.394
2010.000	10.000	-11.792	0.397
2020.000	10.000	-11.865	0.395
2030.000	10.000	-12.305	0.400
2040.000	10.000	-12.231	0.399
2050.000	10.000	-12.231	0.395
2060.000	10.000	-12.158	0.397
2070.000	10.000	-12.671	0.396
2080.000	10.000	-12.451	0.396
2090.000	10.000	-12.817	0.399
2100.000	10.000	-12.451	0.399
2110.000	10.000	-13.037	0.396
2120.000	10.000	-12.744	0.399
2130.000	10.000	-12.817	0.399
2140.000	10.000	-12.964	0.402
2150.000	10.000	-13.257	0.399
2160.000	10.000	-13.330	0.394
2170.000	10.000	-13.257	0.399
2180.000	10.000	-13.770	0.395
2190.000	10.000	-13.623	0.397
2200.000	10.000	-13.843	0.401
2210.000	10.000	-14.062	0.397
2220.000	10.000	-14.136	0.396
2230.000	10.000	-14.355	0.402
2240.000	10.000	-14.722	0.399
2250.000	10.000	-14.429	0.396
2260.000	10.000	-14.648	0.397
2270.000	10.000	-14.941	0.397
2280.000	10.000	-14.575	0.397
2290.000	10.000	-14.941	0.395
2300.000	10.000	-15.308	0.397
2310.000	10.000	-14.795	0.396
2320.000	10.000	-15.234	0.395
2330.000	10.000	-15.381	0.395
2340.000	10.000	-14.941	0.397
2350.000	10.000	-15.527	0.393
2360.000	10.000	-15.820	0.397
2370.000	10.000	-15.381	0.396
2380.000	10.000	-15.820	0.404
2390.000	10.000	-16.113	0.397
2400.000	10.000	-15.674	0.397
2410.000	10.000	-16.187	0.397
2420.000	10.000	-16.479	0.394
2430.000	10.000	-16.187	0.397
2440.000	10.000	-16.553	0.393
2450.000	10.000	-16.772	0.395
2460.000	10.000	-16.553	0.396
2470.000	10.000	-17.139	0.393
2480.000	10.000	-17.065	0.395
2490.000	10.000	-16.992	0.396
2500.000	10.000	-17.578	0.400
2510.000	10.000	-17.505	0.396
2520.000	10.000	-17.358	0.397
2530.000	10.000	-17.725	0.391
2540.000	10.000	-17.944	0.396
2550.000	10.000	-17.944	0.397
2560.000	10.000	-17.871	0.397
2570.000	10.000	-18.018	0.394
2580.000	10.000	-18.311	0.401
2590.000	10.000	-18.311	0.397
2600.000	10.000	-18.530	0.394
2610.000	10.000	-18.384	0.397
2620.000	10.000	-18.604	0.395
2630.000	10.000	-18.750	0.396
2640.000	10.000	-18.750	0.404
2650.000	10.000	-18.970	0.401
2660.000	10.000	-19.263	0.396
2670.000	10.000	-19.263	0.396
2680.000	10.000	-19.189	0.396
2690.000	10.000	-19.409	0.399
2700.000	10.000	-19.336	0.396
2710.000	10.000	-19.849	0.397
2720.000	10.000	-20.142	0.399
2730.000	10.000	-19.922	0.399
2740.000	10.000	-20.068	0.396
2750.000	10.000	-19.995	0.395
2760.000	10.000	-20.142	0.396
2770.000	10.000	-20.288	0.400
2780.000	10.000	-20.581	0.395
2790.000	10.000	-20.728	0.396
2800.000	10.000	-20.947	0.395
2810.000	10.000	-20.947	0.395
2820.000	10.000	-20.654	0.394
2830.000	10.000	-21.094	0.393
2840.000	10.000	-21.094	0.393
2850.000	10.000	-21.387	0.401
2860.000	10.000	-21.460	0.397
2870.000	10.000	-21.460	0.397
2880.000	10.000	-21.533	0.393
2890.000	10.000	-21.680	0.397
2900.000	10.000	-21.973	0.397
2910.000	10.000	-21.899	0.397
2920.000	10.000	-22.266	0.397
2930.000	10.000	-22.412	0.396
2940.000	10.000	-22.632	0.399
2950.000	10.000	-22.559	0.394
2960.000	10.000	-22.925	0.397
2970.000	10.000	-23.071	0.394
2980.000	10.000	-23.291	0.397
2990.000	10.000	-23.364	0.394
3000.000	10.000	-23.364	0.396
3010.000	10.000	-23.584	0.399
3020.000	10.000	-23.730	0.397
3030.000	10.000	-23.804	0.399
3040.000	10.000	-23.804	0.401
3050.000	10.000	-24.390	0.397
3060.000	10.000	-24.170	0.395
3070.000	10.000	-24.609	0.396
3080.000	10.000	-24.536	0.395
3090.000	10.000	-24.902	0.399
3100.000	10.000	-24.829	0.397
3110.000	10.000	-25.195	0.399
3120.000	10.000	-25.122	0.395
3130.000	10.000	-25.342	0.397
3140.000	10.000	-25.562	0.397
3150.000	10.000	-25.269	0.399
3160.000	10.000	-25.928	0.396
3170.000	10.000	-25.781	0.394
3180.000	10.000	-26.221	0.399
3190.000	10.000	-26.001	0.396
3200.000	10.000	-26.440	0.395
3210.000	10.000	-26.147	0.397
3220.000	10.000	-26.440	0.399
3230.000	10.000	-27.026	0.394
3240.000	10.000	-27.026	0.397
3250.000	10.000	-27.393	0.396
3260.000	10.000	-27.173	0.393
3270.000	10.000	-27.246	0.394
3280.000	10.000	-27.319	0.397
3290.000	10.000	-27.759	0.393
3300.000	10.000	-27.979	0.396
3310.000	10.000	-28.198	0.396
3320.000	10.000	-28.345	0.397
3330.000	10.000	-28.418	0.397
3340.000	10.000	-28.564	0.394
3350.000	10.000	-28.638	0.399
3360.000	10.000	-29.004	0.399
3370.000	10.000	-29.224	0.396
3380.000	10.000	-29.370	0.397
3390.000	10.000	-29.297	0.397
3400.000	10.000	-29.370	0.402
3410.000	10.000	-30.029	0.397
3420.000	10.000	-30.103	0.394
3430.000	10.000	-29.810	0.395
3440.000	10.000	-30.469	0.395
3450.000	10.000	-30.396	0.400
3460.000	10.000	-30.396	0.400
3470.000	10.000	-30.981	0.394
3480.000	10.000	-30.981	0.395
3490.000	10.000	-31.274	0.396
3500.000	10.000	-31.567	0.401
3510.000	10.000	-31.421	0.400
3520.000	10.000	-31.641	0.397
3530.000	10.000	-31.934	0.395
3540.000	10.000	-32.007	0.396
3550.000	10.000	-32.227	0.397
3560.000	10.000	-32.446	0.394
3570.000	10.000	-32.520	0.399
3580.000	10.000	-32.666	0.401
3590.000	10.000	-33.179	0.391
3600.000	10.000	-33.105	0.396
3610.000	10.000	-33.398	0.396
3620.000	10.000	-33.691	0.396
3630.000	10.000	-33.618	0.389
3640.000	10.000	-33.838	0.396
3650.000	10.000	-34.424	0.396
3660.000	10.000	-34.424	0.397
3670.000	10.000	-34.277	0.396
3680.000	10.000	-34.863	0.395
3690.000	10.000	-34.570	0.394
3700.000	10.000	-34.863	0.395
3710.000	10.000	-35.083	0.397
3720.000	10.000	-35.156	0.396
3730.000	10.000	-35.815	0.394
3740.000	10.000	-35.522	0.400
3750.000	10.000	-35.596	0.394
3760.000	10.000	-35.889	0.395
3770.000	10.000	-36.401	0.395
3780.000	10.000	-36.328	0.397
3790.000	10.000	-36.475	0.395
3800.000	10.000	-36.987	0.393
3810.000	10.000	-36.768	0.396
3820.000	10.000	-37.207	0.396
3830.000	10.000	-37.280	0.397
3840.000	10.000	-37.500	0.396
3850.000	10.000	-37.720	0.394
3860.000	10.000	-38.086	0.394
3870.000	10.000	-37.939	0.396
3880.000	10.000	-38.306	0.394
3890.000	10.000	-38.452	0.396
3900.000	10.000	-38.306	0.397
3910.000	10.000	-38.818	0.397
3920.000	10.000	-38.818	0.397
3930.000	10.000	-38.745	0.395
3940.000	10.000	-39.404	0.399
3950.000	10.000	-39.478	0.397
3960.000	10.000	-39.258	0.397
3970.000	10.000	-39.551	0.397
3980.000	10.000	-39.771	0.397
3990.000	10.000	-39.844	0.394
4000.000	10.000	-40.063	0.395
4010.000	10.000	-40.063	0.396
4020.000	10.000	-40.649	0.396
4030.000	10.000	-40.576	0.399
4040.000	10.000	-40.723	0.393
4050.000	10.000	-40.576	0.395
4060.000	10.000	-41.235	0.394
4070.000	10.000	-41.235	0.396
4080.000	10.000	-41.016	0.393
4090.000	10.000	-41.455	0.396
4100.000	10.000	-41.748	0.397
4110.000	10.000	-42.114	0.396
4120.000	10.000	-41.748	0.397
4130.000	10.000	-42.114	0.393
4140.000	10.000	-41.821	0.397
4150.000	10.000	-42.187	0.397
4160.000	10.000	-42.407	0.399
4170.000	10.000	-42.627	0.394
4180.000	10.000	-42.773	0.397
4190.000	10.000	-42.700	0.397
4200.000	10.000	-42.700	0.399
4210.000	10.000	-42.700	0.395
4220.000	10.000	-43.066	0.399
4230.000	10.000	-43.286	0.395
4240.000	10.000	-43.726	0.399
4250.000	10.000	-43.945	0.395
4260.000	10.000	-43.652	0.399
4270.000	10.000	-43.506	0.397
4280.000	10.000	-44.019	0.395
4290.000	10.000	-44.238	0.399
4300.000	10.000	-44.238	0.399
4310.000	10.000	-44.385	0.397
4320.000	10.000	-44.238	0.399
4330.000	10.000	-44.312	0.401
4340.000	10.000	-44.385	0.399
4350.000	10.000	-44.238	0.394
4360.000	10.000	-44.458	0.394
4370.000	10.000	-45.044	0.399
4380.000	10.000	-44.824	0.400
4390.000	10.000	-45.117	0.394
4400.000	10.000	-45.190	0.396
4410.000	10.000	-45.190	0.396
4420.000	10.000	-45.337	0.397
4430.000	10.000	-45.630	0.396
4440.000	10.000	-45.630	0.383
4450.000	10.000	-45.850	0.396
4460.000	10.000	-46.143	0.395
4470.000	10.000	-45.923	0.396
4480.000	10.000	-46.143	0.396
4490.000	10.000	-46.509	0.395
4500.000	10.000	-46.362	0.395
4510.000	10.000	-46.509	0.399
4520.000	10.000	-46.802	0.395
4530.000	10.000	-46.655	0.399
4540.000	10.000	-46.729	0.389
4550.000	10.000	-47.021	0.395
4560.000	10.000	-46.875	0.397
4570.000	10.000	-47.095	0.396
4580.000	10.000	-47.388	0.394
4590.000	10.000	-47.168	0.399
4600.000	10.000	-47.534	0.393
4610.000	10.000	-47.974	0.396
4620.000	10.000	-47.827	0.394
4630.000	10.000	-48.120	0.399
4640.000	10.000	-48.486	0.379
4650.000	10.000	-48.267	0.396
4660.000	10.000	-48.633	0.400
4670.000	10.000	-48.633	0.400
4680.000	10.000	-48.706	0.399
4690.000	10.000	-49.072	0.396
4700.000	10.000	-49.072	0.396
4710.000	10.000	-48.999	0.395
4720.000	10.000	-49.438	0.395
4730.000	10.000	-49.438	0.395
4740.000	10.000	-49.512	0.389
4750.000	10.000	-49.805	0.396
4760.000	10.000	-49.805	0.396
4770.000	10.000	-49.951	0.396
4780.000	10.000	-50.464	0.407
4790.000	10.000	-50.464	0.407
4800.000	10.000	-50.537	0.399
4810.000	10.000	-50.464	0.399
4820.000	10.000	-50.464	0.399
4830.000	10.000	-50.977	0.395
4840.000	10.000	-51.416	0.396
4850.000	10.000	-51.416	0.396
4860.000	10.000	-51.416	0.399
4870.000	10.000	-51.782	0.395
4880.000	10.000	-51.782	0.395
4890.000	10.000	-51.855	0.400
4900.000	10.000	-52.222	0.397
4910.000	10.000	-52.222	0.397
4920.000	10.000	-52.734	0.397
4930.000	10.000	-52.441	0.396
4940.000	10.000	-52.441	0.396
4950.000	10.000	-52.734	0.394
4960.000	10.000	-53.247	0.396
4970.000	10.000	-53.540	0.394
4980.000	10.000	-53.540	0.397
4990.000	10.000	-53.833	0.397
5000.000	10.000	-53.906	0.396
5010.000	10.000	-53.906	0.395
5020.000	10.000	-53.979	0.396
5030.000	10.000	-54.272	0.396
5040.000	10.000	-54.639	0.400
5050.000	10.000	-54.785	0.397
5060.000	10.000	-54.858	0.399
5070.000	10.000	-54.932	0.396
5080.000	10.000	-55.078	0.395
5090.000	10.000	-55.151	0.399
5100.000	10.000	-55.444	0.395
5110.000	10.000	-55.664	0.394
5120.000	10.000	-56.030	0.396
5130.000	10.000	-56.104	0.397
5140.000	10.000	-56.250	0.395
5150.000	10.000	-56.396	0.400
5160.000	10.000	-56.250	0.396
5170.000	10.000	-56.616	0.397
5180.000	10.000	-56.909	0.396
5190.000	10.000	-57.129	0.397
5200.000	10.000	-56.982	0.396
5210.000	10.000	-57.422	0.400
5220.000	10.000	-57.129	0.401
5230.000	10.000	-57.568	0.395
5240.000	10.000	-57.788	0.395
5250.000	10.000	-57.788	0.396
5260.000	10.000	-58.154	0.399
5270.000	10.000	-58.447	0.395
5280.000	10.000	-58.154	0.401
5290.000	10.000	-58.081	0.401
5300.000	10.000	-58.813	0.399
5310.000	10.000	-58.887	0.399
5320.000	10.000	-58.887	0.399
5330.000	10.000	-58.960	0.396
5340.000	10.000	-58.740	0.389
5350.000	10.000	-59.326	0.399
5360.000	10.000	-59.399	0.399
5370.000	10.000	-59.180	0.399
5380.000	10.000	-59.839	0.399
5390.000	10.000	-59.912	0.397
5400.000	10.000	-59.692	0.399
5410.000	10.000	-59.692	0.396
5420.000	10.000	-60.352	0.395
5430.000	10.000	-60.205	0.397
5440.000	10.000	-60.645	0.400
5450.000	10.000	-60.571	0.397
5460.000	10.000	-60.425	0.394
5470.000	10.000	-60.645	0.397
5480.000	10.000	-60.864	0.399
5490.000	10.000	-60.937	0.394
5500.000	10.000	-61.084	0.399
5510.000	10.000	-61.230	0.402
5520.000	10.000	-61.084	0.401
5530.000	10.000	-61.377	0.399
5540.000	10.000	-61.523	0.397
5550.000	10.000	-61.523	0.397
5560.000	10.000	-61.963	0.396
5570.000	10.000	-61.890	0.399
5580.000	10.000	-61.890	0.391
5590.000	10.000	-61.963	0.393
5600.000	10.000	-62.109	0.394
5610.000	10.000	-62.402	0.395
5620.000	10.000	-62.329	0.396
5630.000	10.000	-62.329	0.396
5640.000	10.000	-62.476	0.393
5650.000	10.000	-62.549	0.396
5660.000	10.000	-62.695	0.397
5670.000	10.000	-63.062	0.396
5680.000	10.000	-62.988	0.394
5690.000	10.000	-63.794	0.397
5700.000	10.000	-63.354	0.399
5710.000	10.000	-63.574	0.397
5720.000	10.000	-64.014	0.397
5730.000	10.000	-64.014	0.400
5740.000	10.000	-64.014	0.396
5750.000	10.000	-64.380	0.397
5760.000	10.000	-64.453	0.397
5770.000	10.000	-64.819	0.399
5780.000	10.000	-64.600	0.397
5790.000	10.000	-64.233	0.395
5800.000	10.000	-64.966	0.394
5810.000	10.000	-65.259	0.397
5820.000	10.000	-65.259	0.394
5830.000	10.000	-65.259	0.399
5840.000	10.000	-65.479	0.399
5850.000	10.000	-65.479	0.396
5860.000	10.000	-65.698	0.395
5870.000	10.000	-65.918	0.396
5880.000	10.000	-66.138	0.400
5890.000	10.000	-66.431	0.401
5900.000	10.000	-66.357	0.400
5910.000	10.000	-66.064	0.396
5920.000	10.000	-66.284	0.396
5930.000	10.000	-67.163	0.396
5940.000	10.000	-67.236	0.400
5950.000	10.000	-67.310	0.394
5960.000	10.000	-67.603	0.397
5970.000	10.000	-67.017	0.395
5980.000	10.000	-67.603	0.397
5990.000	10.000	-67.822	0.394
6000.000	10.000	-67.896	0.396
6010.000	10.000	-68.188	0.397
6020.000	10.000	-68.335	0.395
6030.000	10.000	-68.115	0.397
6040.000	10.000	-68.481	0.343
6050.000	10.000	-68.481	0.343
6060.000	10.000	-68.481	0.251
6070.000	10.000	-68.994	0.136
6080.000	10.000	-68.994	0.136
6090.000	10.000	-69.141	0.097
6100.000	10.000	-69.287	0.074
6110.000	10.000	-69.727	0.054
6120.000	10.000	-69.434	0.040
6130.000	10.000	-69.653	0.032
6140.000	10.000	-69.727	0.026
6150.000	10.000	-69.507	0.019
6160.000	10.000	-69.360	0.009
6170.000	10.000	-69.946	0.012
6180.000	10.000	-69.360	0.012
6190.000	10.000	-69.214	0.008
6200.000	10.000	-69.214	0.007
6210.000	10.000	-68.701	0.007
6220.000	10.000	-68.921	0.006
6230.000	10.000	-69.141	0.004
6240.000	10.000	-68.921	-0.000
6250.000	10.000	-68.921	0.004
6260.000	10.000	-69.141	0.004
6270.000	10.000	-68.335	0.006
6280.000	10.000	-68.921	0.003
6290.000	10.000	-68.994	0.004
6300.000	10.000	-69.067	0.004
6310.000	10.000	-68.994	-0.000
6320.000	10.000	-69.141	0.001
6330.000	10.000	-68.188	0.001
6340.000	10.000	-68.481	-0.000
6350.000	10.000	-68.701	0.002
6360.000	10.000	-68.408	0.002
6370.000	10.000	-68.262	-0.000
6380.000	10.000	-68.188	-0.003
6390.000	10.000	-68.042	-0.002
6400.000	10.000	-67.896	0.003
6410.000	10.000	-68.335	0.006
6420.000	10.000	-67.969	0.003
6430.000	10.000	-68.481	0.001
6440.000	10.000	-67.969	0.010
6450.000	10.000	-67.529	0.001
6460.000	10.000	-67.676	0.001
6470.000	10.000	-68.115	0.001
6480.000	10.000	-67.896	0.004
6490.000	10.000	-67.749	0.007
6500.000	10.000	-67.896	0.004
6510.000	10.000	-67.017	0.004
6520.000	10.000	-67.090	0.004
6530.000	10.000	-67.017	0.006
6540.000	10.000	-67.236	-0.007
6550.000	10.000	-67.383	0.001
6560.000	10.000	-67.529	0.001
6570.000	10.000	-67.163	-0.000
6580.000	10.000	-67.090	0.004
6590.000	10.000	-67.090	-0.020
6600.000	10.000	-66.650	0.004
6610.000	10.000	-67.090	0.003
6620.000	10.000	-67.456	0.004
6630.000	10.000	-67.236	0.013
6640.000	10.000	-67.017	0.001
6650.000	10.000	-67.017	0.001
6660.000	10.000	-66.577	0.003
6670.000	10.000	-66.504	0.003
6680.000	10.000	-66.797	0.002
6690.000	10.000	-66.724	-0.009
6700.000	10.000	-66.870	0.003
6710.000	10.000	-67.236	0.002
6720.000	10.000	-66.284	0.004
6730.000	10.000	-66.577	0.006
6740.000	10.000	-66.650	0.004
6750.000	10.000	-66.577	0.001
6760.000	10.000	-66.797	0.003
6770.000	10.000	-66.870	0.004
6780.000	10.000	-66.797	0.001
6790.000	10.000	-66.284	-0.002
6800.000	10.000	-66.504	0.001
6810.000	10.000	-66.138	0.001
6820.000	10.000	-66.724	0.002
6830.000	10.000	-66.943	0.003
6840.000	10.000	-66.211	0.003
6850.000	10.000	-66.357	0.002
6860.000	10.000	-66.431	0.001
6870.000	10.000	-66.138	0.003
6880.000	10.000	-66.211	0.007
6890.000	10.000	-66.724	0.002
6900.000	10.000	-66.284	0.001
6910.000	10.000	-66.138	0.001
6920.000	10.000	-66.284	0.003
6930.000	10.000	-65.918	0.003
6940.000	10.000	-66.284	-0.000
6950.000	10.000	-66.724	0.001
6960.000	10.000	-65.991	0.003
6970.000	10.000	-66.211	0.002
6980.000	10.000	-66.284	0.004
6990.000	10.000	-66.064	0.003
7000.000	10.000	-66.431	0.002
7010.000	10.000	-66.504	0.001
7020.000	10.000	-66.138	0.002
